0
0
.000030517578125
.0015869140625
.00616455078125
.015106201171875
.0291748046875
.0487060546875
.0732574462890625
.101837158203125
.1328887939453125
.16455078125
.19482421875
.221771240234375
.243927001953125
.259979248046875
.2694244384765625
.272064208984375
.2682342529296875
.2585296630859375
.2438201904296875
.224945068359375
.2028045654296875
.178314208984375
.1519927978515625
.1258544921875
.1013031005859375
.079345703125
.0605010986328125
.04486083984375
.0321197509765625
.0218505859375
.013519287109375
.0064544677734375
.000091552734375
-.0062103271484375
-.01318359375
-.0214080810546875
-.031402587890625
-.043853759765625
-.0592041015625
-.0777740478515625
-.099395751953125
-.123687744140625
-.1497650146484375
-.1761322021484375
-.2009124755859375
-.221954345703125
-.2369232177734375
-.243621826171875
-.24029541015625
-.2257232666015625
-.1996612548828125
-.1627044677734375
-.1163330078125
-.06304931640625
-.0059814453125
.051422119140625
.105743408203125
.1536712646484375
.19268798828125
.221038818359375
.2379302978515625
.2433624267578125
.2385711669921875
.225067138671875
.205047607421875
.1808319091796875
.154632568359375
.1283721923828125
.103668212890625
.0814208984375
.062255859375
.0462646484375
.0332489013671875
.0228271484375
.0142822265625
.0071563720703125
.0007781982421875
-.005615234375
-.012451171875
-.0205078125
-.030303955078125
-.042510986328125
-.0575103759765625
-.07574462890625
-.0970916748046875
-.1212005615234375
-.1470947265625
-.17352294921875
-.19854736328125
-.2200927734375
-.2357330322265625
-.24334716796875
-.2411346435546875
-.227752685546875
-.202850341796875
-.166839599609375
-.1213226318359375
-.0686187744140625
-.0117340087890625
.0457611083984375
.1005096435546875
.1492156982421875
.1892547607421875
.2187347412109375
.23675537109375
.24334716796875
.2394866943359375
.226776123046875
.207275390625
.1833953857421875
.1572723388671875
.1309661865234375
.1060028076171875
.08349609375
.06402587890625
.0477294921875
.034423828125
.0237274169921875
.0150604248046875
.007843017578125
.0013427734375
-.0049896240234375
-.0117340087890625
-.0196380615234375
-.029205322265625
-.0411376953125
-.055908203125
-.07379150390625
-.094818115234375
-.1186676025390625
-.14447021484375
-.1708984375
-.1961669921875
-.218170166015625
-.2345123291015625
-.2430267333984375
-.241851806640625
-.2296295166015625
-.205780029296875
-.1708526611328125
-.1262054443359375
-.0741119384765625
-.0175323486328125
.04010009765625
.09527587890625
.1446990966796875
.185699462890625
.2163238525390625
.2354278564453125
.2431488037109375
.240264892578125
.2283935546875
.2095184326171875
.185943603515625
.1599578857421875
.133575439453125
.1083984375
.085601806640625
.065826416015625
.0492095947265625
.035614013671875
.02471923828125
.0158538818359375
.008514404296875
.0019683837890625
-.004302978515625
-.0110321044921875
-.0187835693359375
-.028167724609375
-.039825439453125
-.0542755126953125
-.0718231201171875
-.0925750732421875
-.1161651611328125
-.141845703125
-.1682586669921875
-.19378662109375
-.2161407470703125
-.2332000732421875
-.242584228515625
-.2424468994140625
-.2313690185546875
-.20867919921875
-.1748199462890625
-.131103515625
-.0795745849609375
-.0233001708984375
.0343780517578125
.0899658203125
.1401214599609375
.1820220947265625
.2137451171875
.234100341796875
.2429046630859375
.2410125732421875
.2299041748046875
.21160888671875
.1884002685546875
.162567138671875
.1361541748046875
.1108856201171875
.087799072265625
.067657470703125
.0507659912109375
.036895751953125
.025726318359375
.0166778564453125
.00921630859375
.0026092529296875
-.0036773681640625
-.0102996826171875
-.0178985595703125
-.027130126953125
-.03857421875
-.052703857421875
-.0699310302734375
-.0903778076171875
-.1136932373046875
-.1392364501953125
-.1656646728515625
-.1912689208984375
-.214111328125
-.231781005859375
-.2420501708984375
-.2429351806640625
-.2329559326171875
-.2115020751953125
-.1787109375
-.1358489990234375
-.08502197265625
-.029022216796875
.028656005859375
.084564208984375
.1354827880859375
.17828369140625
.2110443115234375
.2325439453125
.2425384521484375
.241607666015625
.2313995361328125
.21368408203125
.190887451171875
.16522216796875
.1387939453125
.1132354736328125
.0899810791015625
.06951904296875
.052276611328125
.0380859375
.0267181396484375
.017486572265625
.0099029541015625
.00323486328125
-.003082275390625
-.009613037109375
-.0171051025390625
-.0261383056640625
-.037322998046875
-.051177978515625
-.06805419921875
-.088226318359375
-.1112823486328125
-.1366119384765625
-.162994384765625
-.188873291015625
-.2120361328125
-.2303009033203125
-.2414093017578125
-.2433319091796875
-.2344818115234375
-.2141265869140625
-.182464599609375
-.14056396484375
-.0903778076171875
-.0348052978515625
.02288818359375
.0791473388671875
.1306610107421875
.1743927001953125
.2082672119140625
.23095703125
.2420654296875
.242156982421875
.2327728271484375
.2157440185546875
.1933135986328125
.1678314208984375
.14141845703125
.1157379150390625
.092132568359375
.0714111328125
.0538330078125
.0394134521484375
.0277557373046875
.018341064453125
.01055908203125
.00390625
-.00244140625
-.0089569091796875
-.0163116455078125
-.0251617431640625
-.0360870361328125
-.0496063232421875
-.0662384033203125
-.086029052734375
-.108856201171875
-.1339874267578125
-.160369873046875
-.18634033203125
-.20989990234375
-.22882080078125
-.2407073974609375
-.243621826171875
-.23590087890625
-.216705322265625
-.1861114501953125
-.1451263427734375
-.0957183837890625
-.040496826171875
.0171356201171875
.07373046875
.12579345703125
.1704864501953125
.205413818359375
.2291717529296875
.2414703369140625
.2425994873046875
.234100341796875
.2177276611328125
.19573974609375
.1704864501953125
.1440582275390625
.118255615234375
.0943756103515625
.0734100341796875
.0554962158203125
.0407562255859375
.028778076171875
.0192108154296875
.0113067626953125
.00457763671875
-.00177001953125
-.008270263671875
-.015472412109375
-.024169921875
-.034912109375
-.0481719970703125
-.0644683837890625
-.08392333984375
-.106475830078125
-.1313629150390625
-.1576995849609375
-.183807373046875
-.20770263671875
-.2271728515625
-.2398529052734375
-.2437286376953125
-.2371673583984375
-.219146728515625
-.1896514892578125
-.1496429443359375
-.1009521484375
-.04620361328125
.0113525390625
.0681915283203125
.12091064453125
.16644287109375
.202392578125
.2273101806640625
.2407073974609375
.242950439453125
.2353363037109375
.2196807861328125
.198150634765625
.173095703125
.1467132568359375
.1207275390625
.0966949462890625
.0753326416015625
.0571136474609375
.042083740234375
.029876708984375
.0200958251953125
.011993408203125
.00518798828125
-.00115966796875
-.007598876953125
-.014739990234375
-.023223876953125
-.03369140625
-.046722412109375
-.062652587890625
-.0818634033203125
-.104095458984375
-.128814697265625
-.15509033203125
-.1812591552734375
-.205474853515625
-.2255096435546875
-.2389984130859375
-.2438201904296875
-.2383270263671875
-.2214813232421875
-.193145751953125
-.1540679931640625
-.1061248779296875
-.0518646240234375
.0055694580078125
.0626678466796875
.115875244140625
.1622314453125
.1992950439453125
.225341796875
.2398529052734375
.24322509765625
.236480712890625
.221527099609375
.200469970703125
.175689697265625
.1493377685546875
.123321533203125
.0989990234375
.0773468017578125
.0588226318359375
.0434417724609375
.0309906005859375
.020965576171875
.0127716064453125
.0058135986328125
-.0005950927734375
-.0068511962890625
-.013946533203125
-.022308349609375
-.03253173828125
-.045257568359375
-.0609130859375
-.07977294921875
-.1016845703125
-.1262969970703125
-.152374267578125
-.1787261962890625
-.203216552734375
-.2237701416015625
-.238037109375
-.2437591552734375
-.2393798828125
-.223663330078125
-.19647216796875
-.1584014892578125
-.11126708984375
-.05743408203125
-.00018310546875
.0570526123046875
.1108551025390625
.1579742431640625
.196044921875
.2232513427734375
.23895263671875
.24334716796875
.237579345703125
.2233123779296875
.2027435302734375
.1782989501953125
.1519927978515625
.1258544921875
.1013031005859375
.079345703125
.0605010986328125
.04486083984375
.0321197509765625
.0218505859375
.013519287109375
.0064544677734375
.000091552734375
-.0062103271484375
-.01318359375
-.0214080810546875
-.031402587890625
-.043853759765625
-.0592041015625
-.0777740478515625
-.099395751953125
-.123687744140625
-.1497650146484375
-.1761322021484375
-.2009124755859375
-.221954345703125
-.2369232177734375
-.243621826171875
-.24029541015625
-.2257232666015625
-.1996612548828125
-.1627044677734375
-.1163330078125
-.06304931640625
-.0059814453125
.051422119140625
.105743408203125
.1536712646484375
.19268798828125
.221038818359375
.2379302978515625
.2433624267578125
.2385711669921875
.225067138671875
.205047607421875
.1808319091796875
.154632568359375
.1283721923828125
.103668212890625
.0814208984375
.062255859375
.0462646484375
.0332489013671875
.0228271484375
.0142822265625
.0071563720703125
.0007781982421875
-.005615234375
-.012451171875
-.0205078125
-.030303955078125
-.042510986328125
-.0575103759765625
-.07574462890625
-.0970916748046875
-.1212005615234375
-.1470947265625
-.17352294921875
-.19854736328125
-.2200927734375
-.2357330322265625
-.24334716796875
-.2411346435546875
-.227752685546875
-.202850341796875
-.166839599609375
-.1213226318359375
-.0686187744140625
-.0117340087890625
.0457611083984375
.1005096435546875
.1492156982421875
.1892547607421875
.2187347412109375
.23675537109375
.24334716796875
.2394866943359375
.226776123046875
.207275390625
.1833953857421875
.1572723388671875
.1309661865234375
.1060028076171875
.08349609375
.06402587890625
.0477294921875
.034423828125
.0237274169921875
.0150604248046875
.007843017578125
.0013427734375
-.0049896240234375
-.0117340087890625
-.0196380615234375
-.029205322265625
-.0411376953125
-.055908203125
-.07379150390625
-.094818115234375
-.1186676025390625
-.14447021484375
-.1708984375
-.1961669921875
-.218170166015625
-.2345123291015625
-.2430267333984375
-.241851806640625
-.2296295166015625
-.205780029296875
-.1708526611328125
-.1262054443359375
-.0741119384765625
-.0175323486328125
.04010009765625
.09527587890625
.1446990966796875
.185699462890625
.2163238525390625
.2354278564453125
.2431488037109375
.240264892578125
.2283935546875
.2095184326171875
.185943603515625
.1599578857421875
.133575439453125
.1083984375
.085601806640625
.065826416015625
.0492095947265625
.035614013671875
.02471923828125
.0158538818359375
.008514404296875
.0019683837890625
-.004302978515625
-.0110321044921875
-.0187835693359375
-.028167724609375
-.039825439453125
-.0542755126953125
-.0718231201171875
-.0925750732421875
-.1161651611328125
-.141845703125
-.1682586669921875
-.19378662109375
-.2161407470703125
-.2332000732421875
-.242584228515625
-.2424468994140625
-.2313690185546875
-.20867919921875
-.1748199462890625
-.131103515625
-.0795745849609375
-.0233001708984375
.0343780517578125
.0899658203125
.1401214599609375
.1820220947265625
.2137451171875
.234100341796875
.2429046630859375
.2410125732421875
.2299041748046875
.21160888671875
.1884002685546875
.162567138671875
.1361541748046875
.1108856201171875
.087799072265625
.067657470703125
.0507659912109375
.036895751953125
.025726318359375
.0166778564453125
.00921630859375
.0026092529296875
-.0036773681640625
-.0102996826171875
-.0178985595703125
-.027130126953125
-.03857421875
-.052703857421875
-.0699310302734375
-.0903778076171875
-.1136932373046875
-.1392364501953125
-.1656646728515625
-.1912689208984375
-.214111328125
-.231781005859375
-.2420501708984375
-.2429351806640625
-.2329559326171875
-.2115020751953125
-.1787109375
-.1358489990234375
-.08502197265625
-.029022216796875
.028656005859375
.084564208984375
.1354827880859375
.17828369140625
.2110443115234375
.2325439453125
.2425384521484375
.241607666015625
.2313995361328125
.21368408203125
.190887451171875
.16522216796875
.1387939453125
.1132354736328125
.0899810791015625
.06951904296875
.052276611328125
.0380859375
.0267181396484375
.017486572265625
.0099029541015625
.00323486328125
-.003082275390625
-.009613037109375
-.0171051025390625
-.0261383056640625
-.037322998046875
-.051177978515625
-.06805419921875
-.088226318359375
-.1112823486328125
-.1366119384765625
-.162994384765625
-.188873291015625
-.2120361328125
-.2303009033203125
-.2414093017578125
-.2433319091796875
-.2344818115234375
-.2141265869140625
-.182464599609375
-.14056396484375
-.0903778076171875
-.0348052978515625
.02288818359375
.0791473388671875
.1306610107421875
.1743927001953125
.2082672119140625
.23095703125
.2420654296875
.242156982421875
.2327728271484375
.2157440185546875
.1933135986328125
.1678314208984375
.14141845703125
.1157379150390625
.092132568359375
.0714111328125
.0538330078125
.0394134521484375
.0277557373046875
.018341064453125
.01055908203125
.00390625
-.00244140625
-.0089569091796875
-.0163116455078125
-.0251617431640625
-.0360870361328125
-.0496063232421875
-.0662384033203125
-.086029052734375
-.108856201171875
-.1339874267578125
-.160369873046875
-.18634033203125
-.20989990234375
-.22882080078125
-.2407073974609375
-.243621826171875
-.23590087890625
-.216705322265625
-.1861114501953125
-.1451263427734375
-.0957183837890625
-.040496826171875
.0171356201171875
.07373046875
.12579345703125
.1704864501953125
.205413818359375
.2291717529296875
.2414703369140625
.2425994873046875
.234100341796875
.2177276611328125
.19573974609375
.1704864501953125
.1440582275390625
.118255615234375
.0943756103515625
.0734100341796875
.0554962158203125
.0407562255859375
.028778076171875
.0192108154296875
.0113067626953125
.00457763671875
-.00177001953125
-.008270263671875
-.015472412109375
-.024169921875
-.034912109375
-.0481719970703125
-.0644683837890625
-.08392333984375
-.106475830078125
-.1313629150390625
-.1576995849609375
-.183807373046875
-.20770263671875
-.2271728515625
-.2398529052734375
-.2437286376953125
-.2371673583984375
-.219146728515625
-.1896514892578125
-.1496429443359375
-.1009521484375
-.04620361328125
.0113525390625
.0681915283203125
.12091064453125
.16644287109375
.202392578125
.2273101806640625
.2407073974609375
.242950439453125
.2353363037109375
.2196807861328125
.198150634765625
.173095703125
.1467132568359375
.1207275390625
.0966949462890625
.0753326416015625
.0571136474609375
.042083740234375
.029876708984375
.0200958251953125
.011993408203125
.00518798828125
-.00115966796875
-.007598876953125
-.014739990234375
-.023223876953125
-.03369140625
-.046722412109375
-.062652587890625
-.0818634033203125
-.104095458984375
-.128814697265625
-.15509033203125
-.1812591552734375
-.205474853515625
-.2255096435546875
-.2389984130859375
-.2438201904296875
-.2383270263671875
-.2214813232421875
-.193145751953125
-.1540679931640625
-.1061248779296875
-.0518646240234375
.0055694580078125
.0626678466796875
.115875244140625
.1622314453125
.1992950439453125
.225341796875
.2398529052734375
.24322509765625
.236480712890625
.221527099609375
.200469970703125
.175689697265625
.1493377685546875
.123321533203125
.0989990234375
.0773468017578125
.0588226318359375
.0434417724609375
.0309906005859375
.020965576171875
.0127716064453125
.0058135986328125
-.0005950927734375
-.0068511962890625
-.013946533203125
-.022308349609375
-.03253173828125
-.045257568359375
-.0609130859375
-.07977294921875
-.1016845703125
-.1262969970703125
-.152374267578125
-.1787261962890625
-.203216552734375
-.2237701416015625
-.238037109375
-.2437591552734375
-.2393798828125
-.223663330078125
-.19647216796875
-.1584014892578125
-.11126708984375
-.05743408203125
-.00018310546875
.0570526123046875
.1108551025390625
.1579742431640625
.196044921875
.2232513427734375
.23895263671875
.24334716796875
.237579345703125
.2233123779296875
.2027435302734375
.1782989501953125
.1519927978515625
.1258544921875
.1013031005859375
.079345703125
.0605010986328125
.04486083984375
.0321197509765625
.0218505859375
.013519287109375
.0064544677734375
.000091552734375
-.0062103271484375
-.01318359375
-.0214080810546875
-.031402587890625
-.043853759765625
-.0592041015625
-.0777740478515625
-.099395751953125
-.123687744140625
-.1497650146484375
-.1761322021484375
-.2009124755859375
-.221954345703125
-.2369232177734375
-.243621826171875
-.24029541015625
-.2257232666015625
-.1996612548828125
-.1627044677734375
-.1163330078125
-.06304931640625
-.0059814453125
.051422119140625
.105743408203125
.1536712646484375
.19268798828125
.221038818359375
.2379302978515625
.2433624267578125
.2385711669921875
.225067138671875
.205047607421875
.1808319091796875
.154632568359375
.1283721923828125
.103668212890625
.0814208984375
.062255859375
.0462646484375
.0332489013671875
.0228271484375
.0142822265625
.0071563720703125
.0007781982421875
-.005615234375
-.012451171875
-.0205078125
-.030303955078125
-.042510986328125
-.0575103759765625
-.07574462890625
-.0970916748046875
-.1212005615234375
-.1470947265625
-.17352294921875
-.19854736328125
-.2200927734375
-.2357330322265625
-.24334716796875
-.2411346435546875
-.227752685546875
-.202850341796875
-.166839599609375
-.1213226318359375
-.0686187744140625
-.0117340087890625
.0457611083984375
.1005096435546875
.1492156982421875
.1892547607421875
.2187347412109375
.23675537109375
.24334716796875
.2394866943359375
.226776123046875
.207275390625
.1833953857421875
.1572723388671875
.1309661865234375
.1060028076171875
.08349609375
.06402587890625
.0477294921875
