0
0
0
.000030517578125
.0015869140625
.006195068359375
.0151214599609375
.0292205810546875
.0487518310546875
.0733184814453125
.101898193359375
.1329498291015625
.16461181640625
.1948699951171875
.22186279296875
.243988037109375
.2600860595703125
.26953125
.272186279296875
.2683563232421875
.2586669921875
.2439422607421875
.22509765625
.2030029296875
.1784515380859375
.15216064453125
.126007080078125
.101470947265625
.07952880859375
.0606842041015625
.045013427734375
.03228759765625
.02203369140625
.013702392578125
.00665283203125
.000274658203125
-.0060882568359375
-.0130462646484375
-.0212249755859375
-.03125
-.043701171875
-.0590667724609375
-.0775909423828125
-.0992279052734375
-.1235504150390625
-.14959716796875
-.1759490966796875
-.20074462890625
-.221771240234375
-.2367401123046875
-.24346923828125
-.240142822265625
-.2256011962890625
-.1995086669921875
-.162506103515625
-.11614990234375
-.062896728515625
-.005828857421875
.0515899658203125
.1058807373046875
.1538238525390625
.1928558349609375
.2212066650390625
.238067626953125
.243560791015625
.2387237548828125
.2252349853515625
.205230712890625
.1810150146484375
.1548004150390625
.128570556640625
.10382080078125
.0815887451171875
.0624237060546875
.0464324951171875
.0334320068359375
.0229644775390625
.01446533203125
.00732421875
.0009002685546875
-.00543212890625
-.012298583984375
-.02032470703125
-.0301361083984375
-.042327880859375
-.0573883056640625
-.075592041015625
-.0969390869140625
-.1210174560546875
-.146942138671875
-.1733551025390625
-.198394775390625
-.21990966796875
-.2355804443359375
-.24322509765625
-.240966796875
-.227569580078125
-.20263671875
-.166656494140625
-.12115478515625
-.068450927734375
-.0116119384765625
.0459442138671875
.100677490234375
.1493988037109375
.189422607421875
.2188873291015625
.2368927001953125
.243499755859375
.2396240234375
.2269134521484375
.20745849609375
.183563232421875
.1574554443359375
.1311492919921875
.1061859130859375
.08367919921875
.0641937255859375
.0478973388671875
.03460693359375
.0239105224609375
.0152435302734375
.00799560546875
.00152587890625
-.004791259765625
-.0115814208984375
-.0194549560546875
-.0290679931640625
-.0410003662109375
-.0557403564453125
-.073638916015625
-.0946807861328125
-.1185150146484375
-.144317626953125
-.170745849609375
-.196014404296875
-.217987060546875
-.2343597412109375
-.242889404296875
-.2416839599609375
-.2294464111328125
-.2056427001953125
-.1707305908203125
-.126068115234375
-.0739593505859375
-.01739501953125
.040252685546875
.095428466796875
.1448822021484375
.1858673095703125
.2164459228515625
.235626220703125
.2433319091796875
.240447998046875
.2285308837890625
.2096405029296875
.1860809326171875
.1601104736328125
.1337432861328125
.1085968017578125
.0858001708984375
.0659942626953125
.0493927001953125
.0358123779296875
.0248870849609375
.0160369873046875
.0086669921875
.0021514892578125
-.004150390625
-.0108642578125
-.0186004638671875
-.02801513671875
-.0396881103515625
-.05413818359375
-.0717010498046875
-.092437744140625
-.11602783203125
-.1416778564453125
-.168121337890625
-.193603515625
-.21600341796875
-.2330322265625
-.2424468994140625
-.242279052734375
-.2311859130859375
-.2085418701171875
-.1746826171875
-.13092041015625
-.079437255859375
-.023162841796875
.0345458984375
.090118408203125
.1402740478515625
.1822052001953125
.213897705078125
.234222412109375
.2430572509765625
.241180419921875
.230072021484375
.2117767333984375
.1885833740234375
.162750244140625
.1363525390625
.11102294921875
.08795166015625
.067840576171875
.0509033203125
.03704833984375
.02587890625
.016845703125
.009368896484375
.0027923583984375
-.003509521484375
-.0101470947265625
-.01776123046875
-.0269775390625
-.03839111328125
-.05255126953125
-.069793701171875
-.0902252197265625
-.113555908203125
-.1390533447265625
-.1654815673828125
-.1911468505859375
-.213958740234375
-.23162841796875
-.2418975830078125
-.242767333984375
-.2328033447265625
-.2113189697265625
-.1785430908203125
-.13568115234375
-.0848388671875
-.028900146484375
.02880859375
.0847625732421875
.135589599609375
.1784515380859375
.2112274169921875
.2327117919921875
.2426910400390625
.2418060302734375
.2315521240234375
.2138671875
.1910552978515625
.1654052734375
.1389617919921875
.11346435546875
.0901336669921875
.0697021484375
.052459716796875
.038299560546875
.026885986328125
.017669677734375
.0100555419921875
.00341796875
-.0028839111328125
-.00946044921875
-.016937255859375
-.025970458984375
-.037139892578125
-.050994873046875
-.06793212890625
-.088043212890625
-.111114501953125
-.136444091796875
-.162841796875
-.1886749267578125
-.2118682861328125
-.23016357421875
-.24127197265625
-.2431488037109375
-.23431396484375
-.2139892578125
-.1822967529296875
-.1403656005859375
-.0902099609375
-.034637451171875
.0230560302734375
.0793304443359375
.1308135986328125
.174591064453125
.2084503173828125
.2310943603515625
.2421875
.242340087890625
.232940673828125
.215911865234375
.193511962890625
.16802978515625
.1415863037109375
.115936279296875
.09234619140625
.0716094970703125
.054046630859375
.0395965576171875
.027923583984375
.0185089111328125
.010772705078125
.004058837890625
-.0022430419921875
-.008758544921875
-.0161285400390625
-.0249786376953125
-.0359039306640625
-.0494842529296875
-.0660858154296875
-.0858917236328125
-.1086883544921875
-.1338348388671875
-.1602020263671875
-.1861724853515625
-.2097320556640625
-.2286224365234375
-.24053955078125
-.2434234619140625
-.2357177734375
-.2165374755859375
-.1859588623046875
-.1449737548828125
-.09552001953125
-.04034423828125
.017303466796875
.0738677978515625
.1259765625
.170623779296875
.2055511474609375
.229339599609375
.2415924072265625
.2427825927734375
.2342529296875
.2178955078125
.1959228515625
.170654296875
.14422607421875
.1184234619140625
.0945892333984375
.0735321044921875
.0556488037109375
.0409088134765625
.0289764404296875
.0193634033203125
.0114898681640625
.00469970703125
-.001617431640625
-.008087158203125
-.0153350830078125
-.0240020751953125
-.034698486328125
-.0479888916015625
-.0642852783203125
-.083770751953125
-.1062774658203125
-.1312408447265625
-.1575469970703125
-.18365478515625
-.207550048828125
-.2270050048828125
-.239715576171875
-.24359130859375
-.2369842529296875
-.2189788818359375
-.18951416015625
-.1494903564453125
-.10076904296875
-.0460357666015625
.0115203857421875
.068359375
.1210479736328125
.16656494140625
.202545166015625
.22747802734375
.240875244140625
.243133544921875
.235504150390625
.219818115234375
.19830322265625
.1732635498046875
.1468658447265625
.120941162109375
.0968475341796875
.07550048828125
.0572967529296875
.0422515869140625
.030059814453125
.0202484130859375
.0122222900390625
.0053558349609375
-.0009918212890625
-.007415771484375
-.014556884765625
-.0230560302734375
-.0335235595703125
-.0465240478515625
-.0625
-.0816802978515625
-.103912353515625
-.128662109375
-.1549072265625
-.1811065673828125
-.205322265625
-.2253265380859375
-.2388153076171875
-.24365234375
-.2381591796875
-.2212982177734375
-.1929473876953125
-.1539154052734375
-.1059722900390625
-.0516815185546875
.0057373046875
.06280517578125
.1160736083984375
.16241455078125
.199432373046875
.2255096435546875
.24005126953125
.243377685546875
.236663818359375
.2216949462890625
.200653076171875
.175872802734375
.149505615234375
.1234588623046875
.099151611328125
.0774993896484375
.0589752197265625
.043609619140625
.031158447265625
.0211334228515625
.0129547119140625
.0059967041015625
-.0003662109375
-.006744384765625
-.0137939453125
-.022125244140625
-.0323638916015625
-.04510498046875
-.060760498046875
-.0796051025390625
-.1015472412109375
-.1260986328125
-.1522369384765625
-.17852783203125
-.2030487060546875
-.2235870361328125
-.237823486328125
-.2436065673828125
-.23919677734375
-.2235107421875
-.1962890625
-.1582489013671875
-.1110992431640625
-.05731201171875
-.0000457763671875
.057220458984375
.1110076904296875
.158172607421875
.196197509765625
.223419189453125
.2391204833984375
.2435302734375
.23773193359375
.2234954833984375
.2029571533203125
.1784515380859375
.15216064453125
.126007080078125
.101470947265625
.07952880859375
.0606842041015625
.045013427734375
.03228759765625
.02203369140625
.013702392578125
.00665283203125
.000274658203125
-.0060882568359375
-.0130462646484375
-.0212249755859375
-.03125
-.043701171875
-.0590667724609375
-.0775909423828125
-.0992279052734375
-.1235504150390625
-.14959716796875
-.1759490966796875
-.20074462890625
-.221771240234375
-.2367401123046875
-.24346923828125
-.240142822265625
-.2256011962890625
-.1995086669921875
-.162506103515625
-.11614990234375
-.062896728515625
-.005828857421875
.0515899658203125
.1058807373046875
.1538238525390625
.1928558349609375
.2212066650390625
.238067626953125
.243560791015625
.2387237548828125
.2252349853515625
.205230712890625
.1810150146484375
.1548004150390625
.128570556640625
.10382080078125
.0815887451171875
.0624237060546875
.0464324951171875
.0334320068359375
.0229644775390625
.01446533203125
.00732421875
.0009002685546875
-.00543212890625
-.012298583984375
-.02032470703125
-.0301361083984375
-.042327880859375
-.0573883056640625
-.075592041015625
-.0969390869140625
-.1210174560546875
-.146942138671875
-.1733551025390625
-.198394775390625
-.21990966796875
-.2355804443359375
-.24322509765625
-.240966796875
-.227569580078125
-.20263671875
-.166656494140625
-.12115478515625
-.068450927734375
-.0116119384765625
.0459442138671875
.100677490234375
.1493988037109375
.189422607421875
.2188873291015625
.2368927001953125
.243499755859375
.2396240234375
.2269134521484375
.20745849609375
.183563232421875
.1574554443359375
.1311492919921875
.1061859130859375
.08367919921875
.0641937255859375
.0478973388671875
.03460693359375
.0239105224609375
.0152435302734375
.00799560546875
.00152587890625
-.004791259765625
-.0115814208984375
-.0194549560546875
-.0290679931640625
-.0410003662109375
-.0557403564453125
-.073638916015625
-.0946807861328125
-.1185150146484375
-.144317626953125
-.170745849609375
-.196014404296875
-.217987060546875
-.2343597412109375
-.242889404296875
-.2416839599609375
-.2294464111328125
-.2056427001953125
-.1707305908203125
-.126068115234375
-.0739593505859375
-.01739501953125
.040252685546875
.095428466796875
.1448822021484375
.1858673095703125
.2164459228515625
.235626220703125
.2433319091796875
.240447998046875
.2285308837890625
.2096405029296875
.1860809326171875
.1601104736328125
.1337432861328125
.1085968017578125
.0858001708984375
.0659942626953125
.0493927001953125
.0358123779296875
.0248870849609375
.0160369873046875
.0086669921875
.0021514892578125
-.004150390625
-.0108642578125
-.0186004638671875
-.02801513671875
-.0396881103515625
-.05413818359375
-.0717010498046875
-.092437744140625
-.11602783203125
-.1416778564453125
-.168121337890625
-.193603515625
-.21600341796875
-.2330322265625
-.2424468994140625
-.242279052734375
-.2311859130859375
-.2085418701171875
-.1746826171875
-.13092041015625
-.079437255859375
-.023162841796875
.0345458984375
.090118408203125
.1402740478515625
.1822052001953125
.213897705078125
.234222412109375
.2430572509765625
.241180419921875
.230072021484375
.2117767333984375
.1885833740234375
.162750244140625
.1363525390625
.11102294921875
.08795166015625
.067840576171875
.0509033203125
.03704833984375
.02587890625
.016845703125
.009368896484375
.0027923583984375
-.003509521484375
-.0101470947265625
-.01776123046875
-.0269775390625
-.03839111328125
-.05255126953125
-.069793701171875
-.0902252197265625
-.113555908203125
-.1390533447265625
-.1654815673828125
-.1911468505859375
-.213958740234375
-.23162841796875
-.2418975830078125
-.242767333984375
-.2328033447265625
-.2113189697265625
-.1785430908203125
-.13568115234375
-.0848388671875
-.028900146484375
.02880859375
.0847625732421875
.135589599609375
.1784515380859375
.2112274169921875
.2327117919921875
.2426910400390625
.2418060302734375
.2315521240234375
.2138671875
.1910552978515625
.1654052734375
.1389617919921875
.11346435546875
.0901336669921875
.0697021484375
.052459716796875
.038299560546875
.026885986328125
.017669677734375
.0100555419921875
.00341796875
-.0028839111328125
-.00946044921875
-.016937255859375
-.025970458984375
-.037139892578125
-.050994873046875
-.06793212890625
-.088043212890625
-.111114501953125
-.136444091796875
-.162841796875
-.1886749267578125
-.2118682861328125
-.23016357421875
-.24127197265625
-.2431488037109375
-.23431396484375
-.2139892578125
-.1822967529296875
-.1403656005859375
-.0902099609375
-.034637451171875
.0230560302734375
.0793304443359375
.1308135986328125
.174591064453125
.2084503173828125
.2310943603515625
.2421875
.242340087890625
.232940673828125
.215911865234375
.193511962890625
.16802978515625
.1415863037109375
.115936279296875
.09234619140625
.0716094970703125
.054046630859375
.0395965576171875
.027923583984375
.0185089111328125
.010772705078125
.004058837890625
-.0022430419921875
-.008758544921875
-.0161285400390625
-.0249786376953125
-.0359039306640625
-.0494842529296875
-.0660858154296875
-.0858917236328125
-.1086883544921875
-.1338348388671875
-.1602020263671875
-.1861724853515625
-.2097320556640625
-.2286224365234375
-.24053955078125
-.2434234619140625
-.2357177734375
-.2165374755859375
-.1859588623046875
-.1449737548828125
-.09552001953125
-.04034423828125
.017303466796875
.0738677978515625
.1259765625
.170623779296875
.2055511474609375
.229339599609375
.2415924072265625
.2427825927734375
.2342529296875
.2178955078125
.1959228515625
.170654296875
.14422607421875
.1184234619140625
.0945892333984375
.0735321044921875
.0556488037109375
.0409088134765625
.0289764404296875
.0193634033203125
.0114898681640625
.00469970703125
-.001617431640625
-.008087158203125
-.0153350830078125
-.0240020751953125
-.034698486328125
-.0479888916015625
-.0642852783203125
-.083770751953125
-.1062774658203125
-.1312408447265625
-.1575469970703125
-.18365478515625
-.207550048828125
-.2270050048828125
-.239715576171875
-.24359130859375
-.2369842529296875
-.2189788818359375
-.18951416015625
-.1494903564453125
-.10076904296875
-.0460357666015625
.0115203857421875
.068359375
.1210479736328125
.16656494140625
.202545166015625
.22747802734375
.240875244140625
.243133544921875
.235504150390625
.219818115234375
.19830322265625
.1732635498046875
.1468658447265625
.120941162109375
.0968475341796875
.07550048828125
.0572967529296875
.0422515869140625
.030059814453125
.0202484130859375
.0122222900390625
.0053558349609375
-.0009918212890625
-.007415771484375
-.014556884765625
-.0230560302734375
-.0335235595703125
-.0465240478515625
-.0625
-.0816802978515625
-.103912353515625
-.128662109375
-.1549072265625
-.1811065673828125
-.205322265625
-.2253265380859375
-.2388153076171875
-.24365234375
-.2381591796875
-.2212982177734375
-.1929473876953125
-.1539154052734375
-.1059722900390625
-.0516815185546875
.0057373046875
.06280517578125
.1160736083984375
.16241455078125
.199432373046875
.2255096435546875
.24005126953125
.243377685546875
.236663818359375
.2216949462890625
.200653076171875
.175872802734375
.149505615234375
.1234588623046875
.099151611328125
.0774993896484375
.0589752197265625
.043609619140625
.031158447265625
.0211334228515625
.0129547119140625
.0059967041015625
-.0003662109375
-.006744384765625
-.0137939453125
-.022125244140625
-.0323638916015625
-.04510498046875
-.060760498046875
-.0796051025390625
-.1015472412109375
-.1260986328125
-.1522369384765625
-.17852783203125
-.2030487060546875
-.2235870361328125
-.237823486328125
-.2436065673828125
-.23919677734375
-.2235107421875
-.1962890625
-.1582489013671875
-.1110992431640625
-.05731201171875
-.0000457763671875
.057220458984375
.1110076904296875
.158172607421875
.196197509765625
.223419189453125
.2391204833984375
.2435302734375
.23773193359375
.2234954833984375
.2029571533203125
.1784515380859375
.15216064453125
.126007080078125
.101470947265625
.07952880859375
.0606842041015625
.045013427734375
.03228759765625
.02203369140625
.013702392578125
.00665283203125
.000274658203125
-.0060882568359375
-.0130462646484375
-.0212249755859375
-.03125
-.043701171875
-.0590667724609375
-.0775909423828125
-.0992279052734375
-.1235504150390625
-.14959716796875
-.1759490966796875
-.20074462890625
-.221771240234375
-.2367401123046875
-.24346923828125
-.240142822265625
-.2256011962890625
-.1995086669921875
-.162506103515625
-.11614990234375
-.062896728515625
-.005828857421875
.0515899658203125
.1058807373046875
.1538238525390625
.1928558349609375
.2212066650390625
.238067626953125
.243560791015625
.2387237548828125
.2252349853515625
.205230712890625
.1810150146484375
.1548004150390625
.128570556640625
.10382080078125
.0815887451171875
.0624237060546875
.0464324951171875
.0334320068359375
.0229644775390625
.01446533203125
.00732421875
.0009002685546875
-.00543212890625
-.012298583984375
-.02032470703125
-.0301361083984375
-.042327880859375
-.0573883056640625
-.075592041015625
-.0969390869140625
-.1210174560546875
-.146942138671875
-.1733551025390625
-.198394775390625
-.21990966796875
-.2355804443359375
-.24322509765625
-.240966796875
-.227569580078125
-.20263671875
-.166656494140625
-.12115478515625
-.068450927734375
-.0116119384765625
.0459442138671875
.100677490234375
.1493988037109375
.189422607421875
.2188873291015625
.2368927001953125
.243499755859375
.2396240234375
.2269134521484375
.20745849609375
.183563232421875
.1574554443359375
.1311492919921875
.1061859130859375
.08367919921875
.0641937255859375
