0
5937
9267
8650
4661
-486
-4022
-3967
-97
5947
11457
13972
12474
7883
2609
-621
-94
4060
9931
14751
16246
13740
8483
3042
55
946
5232
10761
14756
15167
11670
5824
313
-2356
-1078
3323
8488
11676
11095
6777
564
-4788
-6947
-5140
-524
4374
6893
5527
664
-5603
-10494
-11889
-9363
-4386
388
2418
509
-4604
-10612
-14755
-15164
-11767
-6327
-1581
89
-2179
-7317
-12839
-16051
-15365
-11067
-5181
-485
841
-1723
-6792
-11742
-13992
-12259
-7183
-1016
3470
4334
1405
-3635
-8069
-9470
-6879
-1279
4886
8900
9089
5639
500
-3560
-4305
-1121
4688
10531
13785
13077
8946
3581
-244
-523
3010
8750
13997
16274
14527
9641
4008
362
452
4190
9691
14199
15416
12631
7059
1255
-2130
-1637
2291
7531
11306
11540
7872
1828
-3915
-6836
-5789
-1562
3509
6677
6121
1834
-4372
-9747
-11939
-10135
-5457
-415
2316
1198
-3420
-9476
-14188
-15414
-12688
-7451
-2345
70
-1435
-6167
-11842
-15695
-15829
-12137
-6352
-1205
899
-940
-5695
-10897
-13846
-12922
-8373
-2200
2822
4489
2236
-2584
-7363
-9506
-7696
-2536
3745
8374
9378
6546
1531
-2960
-4480
-2034
3431
9496
13433
13538
9958
4617
280
-793
2053
7550
13121
16134
15183
10768
5057
825
111
3220
8580
13504
15499
13475
8284
2297
-1742
-2053
1315
6513
10788
11823
8868
3106
-2924
-6560
-6306
-2564
2564
6306
6560
2924
-3106
-8868
-11823
-10788
-6513
-1315
2053
1742
-2297
-8284
-13475
-15499
-13504
-8580
-3220
-111
-825
-5057
-10768
-15183
-16134
-13121
-7550
-2053
793
-280
-4617
-9958
-13538
-13433
-9496
-3431
2034
4480
2960
-1531
-6546
-9378
-8374
-3745
2536
7696
9506
7363
2584
-2236
-4489
-2822
2200
8373
12922
13846
10897
5695
940
-899
1205
6352
12137
15829
15695
11842
6167
1435
-70
2345
7451
12688
15414
14188
9476
3420
-1198
-2316
415
5457
10135
11939
9747
4372
-1834
-6121
-6677
-3509
1562
5789
6836
3915
-1828
-7872
-11540
-11306
-7531
-2291
1637
2130
-1255
-7059
-12631
-15416
-14199
-9691
-4190
-452
-362
-4008
-9641
-14527
-16274
-13997
-8750
-3010
523
244
-3581
-8946
-13077
-13785
-10531
-4688
1121
4305
3560
-500
-5639
-9089
-8900
-4886
1279
6879
9470
8069
3635
-1405
-4334
-3470
1016
7183
12259
13992
11742
6792
1723
-841
485
5181
11067
15365
16051
12839
7317
2179
-89
1581
6327
11767
15164
14755
10612
4604
-509
-2418
-388
4386
9363
11889
10494
5603
-664
-5527
-6893
-4374
524
5140
6947
4788
-564
-6777
-11095
-11676
-8488
-3323
1078
2356
-313
-5824
-11670
-15167
-14756
-10761
-5232
-946
-55
-3042
-8483
-13740
-16246
-14751
-9931
-4060
94
621
-2609
-7883
-12474
-13972
-11457
-5947
97
3967
4022
486
-4661
-8650
-9267
-5937
0
5937
9267
8650
4661
-486
-4022
-3967
-97
5947
11457
13972
12474
7883
2609
-621
-94
4060
9931
14751
16246
13740
8483
3042
55
946
5232
10761
14756
15167
11670
5824
313
-2356
-1078
3323
8488
11676
11095
6777
564
-4788
-6947
-5140
-524
4374
6893
5527
664
-5603
-10494
-11889
-9363
-4386
388
2418
509
-4604
-10612
-14755
-15164
-11767
-6327
-1581
89
-2179
-7317
-12839
-16051
-15365
-11067
-5181
-485
841
-1723
-6792
-11742
-13992
-12259
-7183
-1016
3470
4334
1405
-3635
-8069
-9470
-6879
-1279
4886
8900
9089
5639
500
-3560
-4305
-1121
4688
10531
13785
13077
8946
3581
-244
-523
3010
8750
13997
16274
14527
9641
4008
362
452
4190
9691
14199
15416
12631
7059
1255
-2130
-1637
2291
7531
11306
11540
7872
1828
-3915
-6836
-5789
-1562
3509
6677
6121
1834
-4372
-9747
-11939
-10135
-5457
-415
2316
1198
-3420
-9476
-14188
-15414
-12688
-7451
-2345
70
-1435
-6167
-11842
-15695
-15829
-12137
-6352
-1205
899
-940
-5695
-10897
-13846
-12922
-8373
-2200
2822
4489
2236
-2584
-7363
-9506
-7696
-2536
3745
8374
9378
6546
1531
-2960
-4480
-2034
3431
9496
13433
13538
9958
4617
280
-793
2053
7550
13121
16134
15183
10768
5057
825
111
3220
8580
13504
15499
13475
8284
2297
-1742
-2053
1315
6513
10788
11823
8868
3106
-2924
-6560
-6306
-2564
2564
6306
6560
2924
-3106
-8868
-11823
-10788
-6513
-1315
2053
1742
-2297
-8284
-13475
-15499
-13504
-8580
-3220
-111
-825
-5057
-10768
-15183
-16134
-13121
-7550
-2053
793
-280
-4617
-9958
-13538
-13433
-9496
-3431
2034
4480
2960
-1531
-6546
-9378
-8374
-3745
2536
7696
9506
7363
2584
-2236
-4489
-2822
2200
8373
12922
13846
10897
5695
940
-899
1205
6352
12137
15829
15695
11842
6167
1435
-70
2345
7451
12688
15414
14188
9476
3420
-1198
-2316
415
5457
10135
11939
9747
4372
-1834
-6121
-6677
-3509
1562
5789
6836
3915
-1828
-7872
-11540
-11306
-7531
-2291
1637
2130
-1255
-7059
-12631
-15416
-14199
-9691
-4190
-452
-362
-4008
-9641
-14527
-16274
-13997
-8750
-3010
523
244
-3581
-8946
-13077
-13785
-10531
-4688
1121
4305
3560
-500
-5639
-9089
-8900
-4886
1279
6879
9470
8069
3635
-1405
-4334
-3470
1016
7183
12259
13992
11742
6792
1723
-841
485
5181
11067
15365
16051
12839
7317
2179
-89
1581
6327
11767
15164
14755
10612
4604
-509
-2418
-388
4386
9363
11889
10494
5603
-664
-5527
-6893
-4374
524
5140
6947
4788
-564
-6777
-11095
-11676
-8488
-3323
1078
2356
-313
-5824
-11670
-15167
-14756
-10761
-5232
-946
-55
-3042
-8483
-13740
-16246
-14751
-9931
-4060
94
621
-2609
-7883
-12474
-13972
-11457
-5947
97
3967
4022
486
-4661
-8650
-9267
-5937
0
5937
9267
8650
4661
-486
-4022
-3967
-97
5947
11457
13972
12474
7883
2609
-621
-94
4060
9931
14751
16246
13740
8483
3042
55
946
5232
10761
14756
15167
11670
5824
313
-2356
-1078
3323
8488
11676
11095
6777
564
-4788
-6947
-5140
-524
4374
6893
5527
664
-5603
-10494
-11889
-9363
-4386
388
2418
509
-4604
-10612
-14755
-15164
-11767
-6327
-1581
89
-2179
-7317
-12839
-16051
-15365
-11067
-5181
-485
841
-1723
-6792
-11742
-13992
-12259
-7183
-1016
3470
4334
1405
-3635
-8069
-9470
-6879
-1279
4886
8900
9089
5639
500
-3560
-4305
-1121
4688
10531
13785
13077
8946
3581
-244
-523
3010
8750
13997
16274
14527
9641
4008
362
452
4190
9691
14199
15416
