0.000000
0.181203
0.282837
0.263990
0.142263
-0.014833
-0.122756
-0.121093
-0.002985
0.181497
0.349671
0.426422
0.380701
0.240598
0.079648
-0.018964
-0.002883
0.123923
0.303081
0.450179
0.495816
0.419344
0.258901
0.092860
0.001705
0.028889
0.159702
0.328434
0.450344
0.462895
0.356179
0.177765
0.009577
-0.071925
-0.032906
0.101415
0.259063
0.356351
0.338614
0.206840
0.017223
-0.146123
-0.212040
-0.156891
-0.016013
0.133510
0.210387
0.168699
0.020276
-0.171010
-0.320275
-0.362862
-0.285752
-0.133857
0.011864
0.073814
0.015539
-0.140513
-0.323879
-0.450327
-0.462797
-0.359134
-0.193114
-0.048274
0.002735
-0.066505
-0.223322
-0.391840
-0.489880
-0.468935
-0.337765
-0.158141
-0.014817
0.025684
-0.052589
-0.207282
-0.358352
-0.427027
-0.374141
-0.219219
-0.031009
0.105924
0.132291
0.042879
-0.110949
-0.246281
-0.289019
-0.209964
-0.039060
0.149128
0.271636
0.277413
0.172103
0.015262
-0.108654
-0.131409
-0.034213
0.143096
0.321394
0.420716
0.399119
0.273048
0.109305
-0.007463
-0.015969
0.091888
0.267063
0.427197
0.496667
0.443352
0.294249
0.122337
0.011078
0.013824
0.127873
0.295785
0.433337
0.470495
0.385494
0.215446
0.038307
-0.065012
-0.049976
0.069946
0.229861
0.345048
0.352203
0.240260
0.055818
-0.119487
-0.208649
-0.176700
-0.047680
0.107102
0.203794
0.186827
0.055990
-0.133430
-0.297492
-0.364386
-0.309326
-0.166557
-0.012671
0.070693
0.036580
-0.104400
-0.289209
-0.433013
-0.470413
-0.387237
-0.227410
-0.071570
0.002163
-0.043802
-0.188233
-0.361401
-0.478988
-0.483101
-0.370432
-0.193874
-0.036804
0.027454
-0.028716
-0.173817
-0.332572
-0.422568
-0.394361
-0.255556
-0.067141
0.086147
0.137001
0.068240
-0.078866
-0.224715
-0.290127
-0.234898
-0.077401
0.114315
0.255572
0.286208
0.199797
0.046730
-0.090337
-0.136726
-0.062102
0.104738
0.289827
0.409974
0.413186
0.303929
0.140922
0.008550
-0.024205
0.062660
0.230420
0.400440
0.492404
0.463371
0.328649
0.154343
0.025203
0.003399
0.098289
0.261874
0.412149
0.473007
0.411267
0.252833
0.070114
-0.053167
-0.062675
0.040144
0.198796
0.329246
0.360831
0.270661
0.094795
-0.089262
-0.200211
-0.192465
-0.078274
0.078274
0.192465
0.200211
0.089262
-0.094795
-0.270661
-0.360831
-0.329246
-0.198796
-0.040144
0.062675
0.053167
-0.070114
-0.252833
-0.411267
-0.473007
-0.412149
-0.261874
-0.098289
-0.003399
-0.025203
-0.154343
-0.328649
-0.463371
-0.492404
-0.400440
-0.230420
-0.062660
0.024205
-0.008550
-0.140922
-0.303929
-0.413186
-0.409974
-0.289827
-0.104738
0.062102
0.136726
0.090337
-0.046730
-0.199797
-0.286208
-0.255572
-0.114315
0.077401
0.234898
0.290127
0.224715
0.078866
-0.068240
-0.137001
-0.086147
0.067141
0.255556
0.394361
0.422568
0.332572
0.173817
0.028716
-0.027454
0.036804
0.193874
0.370432
0.483101
0.478988
0.361401
0.188233
0.043802
-0.002163
0.071570
0.227410
0.387237
0.470413
0.433013
0.289209
0.104400
-0.036580
-0.070693
0.012671
0.166557
0.309326
0.364386
0.297492
0.133430
-0.055990
-0.186827
-0.203794
-0.107102
0.047680
0.176700
0.208649
0.119487
-0.055818
-0.240260
-0.352203
-0.345048
-0.229861
-0.069946
0.049976
0.065012
-0.038307
-0.215446
-0.385494
-0.470495
-0.433337
-0.295785
-0.127873
-0.013824
-0.011078
-0.122337
-0.294249
-0.443352
-0.496667
-0.427197
-0.267063
-0.091888
0.015969
0.007463
-0.109305
-0.273048
-0.399119
-0.420716
-0.321394
-0.143096
0.034213
0.131409
0.108654
-0.015262
-0.172103
-0.277413
-0.271636
-0.149128
0.039060
0.209964
0.289019
0.246281
0.110949
-0.042879
-0.132291
-0.105924
0.031009
0.219219
0.374141
0.427027
0.358352
0.207282
0.052589
-0.025684
0.014817
0.158141
0.337765
0.468935
0.489880
0.391840
0.223322
0.066505
-0.002735
0.048274
0.193114
0.359134
0.462797
0.450327
0.323879
0.140513
-0.015539
-0.073814
-0.011864
0.133857
0.285752
0.362862
0.320275
0.171010
-0.020276
-0.168699
-0.210387
-0.133510
0.016013
0.156891
0.212040
0.146123
-0.017223
-0.206840
-0.338614
-0.356351
-0.259063
-0.101415
0.032906
0.071925
-0.009577
-0.177765
-0.356179
-0.462895
-0.450344
-0.328434
-0.159702
-0.028889
-0.001705
-0.092860
-0.258901
-0.419344
-0.495816
-0.450179
-0.303081
-0.123923
0.002883
0.018964
-0.079648
-0.240598
-0.380701
-0.426422
-0.349671
-0.181497
0.002985
0.121093
0.122756
0.014833
-0.142263
-0.263990
-0.282837
-0.181203
-0.000000
0.181203
0.282837
0.263990
0.142263
-0.014833
-0.122756
-0.121093
-0.002985
0.181497
0.349671
0.426422
0.380701
0.240598
0.079648
-0.018964
-0.002883
0.123923
0.303081
0.450179
0.495816
0.419344
0.258901
0.092860
0.001705
0.028889
0.159702
0.328434
0.450344
0.462895
0.356179
0.177765
0.009577
-0.071925
-0.032906
0.101415
0.259063
0.356351
0.338614
0.206840
0.017223
-0.146123
-0.212040
-0.156891
-0.016013
0.133510
0.210387
0.168699
0.020276
-0.171010
-0.320275
-0.362862
-0.285752
-0.133857
0.011864
0.073814
0.015539
-0.140513
-0.323879
-0.450327
-0.462797
-0.359134
-0.193114
-0.048274
0.002735
-0.066505
-0.223322
-0.391840
-0.489880
-0.468935
-0.337765
-0.158141
-0.014817
0.025684
-0.052589
-0.207282
-0.358352
-0.427027
-0.374141
-0.219219
-0.031009
0.105924
0.132291
0.042879
-0.110949
-0.246281
-0.289019
-0.209964
-0.039060
0.149128
0.271636
0.277413
0.172103
0.015262
-0.108654
-0.131409
-0.034213
0.143096
0.321394
0.420716
0.399119
0.273048
0.109305
-0.007463
-0.015969
0.091888
0.267063
0.427197
0.496667
0.443352
0.294249
0.122337
0.011078
0.013824
0.127873
0.295785
0.433337
0.470495
0.385494
0.215446
0.038307
-0.065012
-0.049976
0.069946
0.229861
0.345048
0.352203
0.240260
0.055818
-0.119487
-0.208649
-0.176700
-0.047680
0.107102
0.203794
0.186827
0.055990
-0.133430
-0.297492
-0.364386
-0.309326
-0.166557
-0.012671
0.070693
0.036580
-0.104400
-0.289209
-0.433013
-0.470413
-0.387237
-0.227410
-0.071570
0.002163
-0.043802
-0.188233
-0.361401
-0.478988
-0.483101
-0.370432
-0.193874
-0.036804
0.027454
-0.028716
-0.173817
-0.332572
-0.422568
-0.394361
-0.255556
-0.067141
0.086147
0.137001
0.068240
-0.078866
-0.224715
-0.290127
-0.234898
-0.077401
0.114315
0.255572
0.286208
0.199797
0.046730
-0.090337
-0.136726
-0.062102
0.104738
0.289827
0.409974
0.413186
0.303929
0.140922
0.008550
-0.024205
0.062660
0.230420
0.400440
0.492404
0.463371
0.328649
0.154343
0.025203
0.003399
0.098289
0.261874
0.412149
0.473007
0.411267
0.252833
0.070114
-0.053167
-0.062675
0.040144
0.198796
0.329246
0.360831
0.270661
0.094795
-0.089262
-0.200211
-0.192465
-0.078274
0.078274
0.192465
0.200211
0.089262
-0.094795
-0.270661
-0.360831
-0.329246
-0.198796
-0.040144
0.062675
0.053167
-0.070114
-0.252833
-0.411267
-0.473007
-0.412149
-0.261874
-0.098289
-0.003399
-0.025203
-0.154343
-0.328649
-0.463371
-0.492404
-0.400440
-0.230420
-0.062660
0.024205
-0.008550
-0.140922
-0.303929
-0.413186
-0.409974
-0.289827
-0.104738
0.062102
0.136726
0.090337
-0.046730
-0.199797
-0.286208
-0.255572
-0.114315
0.077401
0.234898
0.290127
0.224715
0.078866
-0.068240
-0.137001
-0.086147
0.067141
0.255556
0.394361
0.422568
0.332572
0.173817
0.028716
-0.027454
0.036804
0.193874
0.370432
0.483101
0.478988
0.361401
0.188233
0.043802
-0.002163
0.071570
0.227410
0.387237
0.470413
0.433013
0.289209
0.104400
-0.036580
-0.070693
0.012671
0.166557
0.309326
0.364386
0.297492
0.133430
-0.055990
-0.186827
-0.203794
-0.107102
0.047680
0.176700
0.208649
0.119487
-0.055818
-0.240260
-0.352203
-0.345048
-0.229861
-0.069946
0.049976
0.065012
-0.038307
-0.215446
-0.385494
-0.470495
-0.433337
-0.295785
-0.127873
-0.013824
-0.011078
-0.122337
-0.294249
-0.443352
-0.496667
-0.427197
-0.267063
-0.091888
0.015969
0.007463
-0.109305
-0.273048
-0.399119
-0.420716
-0.321394
-0.143096
0.034213
0.131409
0.108654
-0.015262
-0.172103
-0.277413
-0.271636
-0.149128
0.039060
0.209964
0.289019
0.246281
0.110949
-0.042879
-0.132291
-0.105924
0.031009
0.219219
0.374141
0.427027
0.358352
0.207282
0.052589
-0.025684
0.014817
0.158141
0.337765
0.468935
0.489880
0.391840
0.223322
0.066505
-0.002735
0.048274
0.193114
0.359134
0.462797
0.450327
0.323879
0.140513
-0.015539
-0.073814
-0.011864
0.133857
0.285752
0.362862
0.320275
0.171010
-0.020276
-0.168699
-0.210387
-0.133510
0.016013
0.156891
0.212040
0.146123
-0.017223
-0.206840
-0.338614
-0.356351
-0.259063
-0.101415
0.032906
0.071925
-0.009577
-0.177765
-0.356179
-0.462895
-0.450344
-0.328434
-0.159702
-0.028889
-0.001705
-0.092860
-0.258901
-0.419344
-0.495816
-0.450179
-0.303081
-0.123923
0.002883
0.018964
-0.079648
-0.240598
-0.380701
-0.426422
-0.349671
-0.181497
0.002985
0.121093
0.122756
0.014833
-0.142263
-0.263990
-0.282837
-0.181203
-0.000000
0.181203
0.282837
0.263990
0.142263
-0.014833
-0.122756
-0.121093
-0.002985
0.181497
0.349671
0.426422
0.380701
0.240598
0.079648
-0.018964
-0.002883
0.123923
0.303081
0.450179
0.495816
0.419344
0.258901
0.092860
0.001705
0.028889
0.159702
0.328434
0.450344
0.462895
0.356179
0.177765
0.009577
-0.071925
-0.032906
0.101415
0.259063
0.356351
0.338614
0.206840
0.017223
-0.146123
-0.212040
-0.156891
-0.016013
0.133510
0.210387
0.168699
0.020276
-0.171010
-0.320275
-0.362862
-0.285752
-0.133857
0.011864
0.073814
0.015539
-0.140513
-0.323879
-0.450327
-0.462797
-0.359134
-0.193114
-0.048274
0.002735
-0.066505
-0.223322
-0.391840
-0.489880
-0.468935
-0.337765
-0.158141
-0.014817
0.025684
-0.052589
-0.207282
-0.358352
-0.427027
-0.374141
-0.219219
-0.031009
0.105924
0.132291
0.042879
-0.110949
-0.246281
-0.289019
-0.209964
-0.039060
0.149128
0.271636
0.277413
0.172103
0.015262
-0.108654
-0.131409
-0.034213
0.143096
0.321394
0.420716
0.399119
0.273048
0.109305
-0.007463
-0.015969
0.091888
0.267063
0.427197
0.496667
0.443352
0.294249
0.122337
0.011078
0.013824
0.127873
0.295785
0.433337
0.470495
