0
27
145
390
726
1067
1324
1452
1474
1472
1549
1779
2172
2667
3163
3567
3837
4001
4143
4359
4710
5189
5724
6210
6559
6741
6798
6820
6902
7095
7382
7683
7895
7941
7806
7546
7258
7035
6919
6882
6840
6693
6376
5889
5300
4712
4213
3835
3540
3239
2836
2277
1577
815
95
-501
-953
-1311
-1668
-2116
-2697
-3383
-4088
-4709
-5173
-5474
-5673
-5867
-6143
-6532
-6995
-7441
-7769
-7919
-7898
-7779
-7663
-7630
-7701
-7827
-7913
-7864
-7632
-7240
-6770
-6325
-5979
-5742
-5555
-5321
-4952
-4414
-3743
-3030
-2378
-1852
-1449
-1102
-712
-199
458
1210
1960
2609
3103
3457
3747
4073
4507
5058
5667
6233
6663
6915
7018
7057
7131
7305
7576
7876
8104
8174
8058
7800
7493
7235
7081
7018
6970
6836
6541
6071
5483
4876
4345
3936
3624
3326
2944
2413
1733
972
233
-394
-875
-1247
-1598
-2024
-2580
-3252
-3963
-4609
-5108
-5439
-5651
-5838
-6092
-6458
-6911
-7367
-7724
-7910
-7918
-7809
-7683
-7628
-7679
-7800
-7902
-7886
-7691
-7326
-6864
-6407
-6039
-5783
-5593
-5376
-5039
-4534
-3884
-3171
-2500
-1947
-1524
-1174
-801
-317
313
1053
1813
2490
3017
3395
3691
4003
4413
4944
5549
6132
6594
6881
7008
7051
7111
7263
7519
7822
8073
8180
8101
7866
7561
7287
7111
7034
6990
6880
6620
6182
5610
4998
4446
4012
3685
3392
3034
2535
1881
1128
376
-279
-789
-1177
-1524
-1928
-2456
-3109
-3820
-4487
-5019
-5381
-5609
-5792
-6027
-6371
-6813
-7278
-7663
-7887
-7928
-7836
-7706
-7633
-7664
-7777
-7891
-7905
-7748
-7413
-6962
-6496
-6106
-5829
-5632
-5429
-5122
-4651
-4024
-3315
-2627
-2046
-1598
-1239
-878
-421
180
904
1668
2368
2927
3331
3635
3935
4320
4827
5423
6018
6510
6833
6987
7039
7088
7218
7455
7755
8024
8165
8123
7913
7613
7325
7127
7034
6992
6904
6679
6276
5725
5113
4543
4084
3740
3448
3110
2642
2016
1275
514
-166
-705
-1112
-1459
-1845
-2346
-2977
-3684
-4368
-4932
-5327
-5576
-5760
-5978
-6298
-6724
-7192
-7601
-7861
-7937
-7865
-7734
-7643
-7652
-7753
-7874
-7914
-7793
-7490
-7054
-6582
-6171
-5872
-5665
-5471
-5191
-4754
-4154
-3453
-2753
-2147
-1675
-1306
-954
-522
50
755
1520
2241
2832
3265
3583
3877
4241
4725
5309
5913
6433
6792
6976
7040
7081
7190
7407
7701
7985
8158
8154
7973
7683
7385
7165
7052
7005
6933
6740
6372
5844
5235
4648
4163
3798
3502
3181
2744
2149
1426
662
-40
-608
-1036
-1386
-1755
-2228
-2834
-3532
-4228
-4821
-5250
-5523
-5712
-5916
-6213
-6621
-7088
-7517
-7812
-7924
-7876
-7749
-7644
-7632
-7720
-7846
-7911
-7827
-7559
-7144
-6672
-6244
-5923
-5704
-5517
-5263
-4862
-4293
-3606
-2898
-2268
-1769
-1384
-1036
-626
-83
600
1361
2099
2720
3183
3517
3807
4151
4610
5179
5787
6331
6725
6941
7022
7060
7151
7347
7631
7925
8127
8160
8011
7735
7431
7191
7058
7005
6947
6785
6454
5954
5353
4754
4245
3859
3557
3250
2842
2279
1576
811
89
-509
-963
-1322
-1680
-2128
-2709
-3395
-4100
-4720
-5183
-5483
-5681
-5874
-6149
-6537
-6999
-7444
-7771
-7920
-7898
-7778
-7661
-7627
-7697
-7822
-7907
-7857
-7624
-7231
-6761
-6316
-5970
-5733
-5546
-5312
-4943
-4405
-3734
-3021
-2369
-1843
-1440
-1093
-704
-192
464
1215
1964
2612
3105
3458
3748
4074
4508
5059
5668
6234
6664
6916
7019
7058
7132
7306
7577
7877
8105
8175
8059
7801
7494
7236
7082
7019
6971
6837
6542
6072
5484
4877
4346
3937
3625
3327
2945
2414
1734
973
234
-393
-874
-1246
-1597
-2023
-2579
-3251
-3962
-4608
-5107
-5438
-5650
-5837
-6091
-6458
-6912
-7369
-7726
-7912
-7920
-7811
-7685
-7630
-7681
-7802
-7904
-7888
-7693
-7328
-6866
-6409
-6041
-5785
-5595
-5378
-5041
-4536
-3885
-3172
-2501
-1947
-1523
-1172
-798
-314
316
1056
1816
2493
3020
3398
3694
4006
4416
4947
5552
6135
6597
6884
7011
7054
7114
7265
7520
7822
8072
8178
8098
7862
7556
7281
7104
7026
6982
6872
6612
6174
5602
4990
4438
4004
3677
3384
3026
2527
1873
1120
368
-287
-797
-1185
-1532
-1936
-2464
-3117
-3828
-4494
-5025
-5386
-5613
-5795
-6029
-6372
-6813
-7277
-7661
-7884
-7925
-7833
-7703
-7630
-7661
-7774
-7888
-7902
-7745
-7410
-6959
-6493
-6103
-5826
-5629
-5426
-5119
-4648
-4021
-3312
-2625
-2045
-1598
-1240
-879
-422
179
903
1667
2367
2926
3330
3634
3934
4319
4826
5422
6017
6509
6832
6986
7038
7087
7217
7454
7754
8023
8164
8122
7912
7612
7324
7126
7033
6991
6903
6678
6275
5724
5112
4542
4083
3739
3447
3109
2641
2015
1274
513
-167
-706
-1113
-1460
-1846
-2347
-2978
-3685
-4369
-4933
-5328
-5577
-5761
-5979
-6299
-6725
-7193
-7602
-7862
-7938
-7866
-7735
-7644
-7653
-7754
-7875
-7915
-7794
-7491
-7055
-6583
-6172
-5873
-5666
-5472
-5192
-4755
-4155
-3454
-2754
-2148
-1676
-1307
-955
-523
49
754
1519
2240
2831
3264
3582
3876
4240
4724
5308
5912
6432
6791
6975
7039
7080
7189
7406
7700
7984
8157
8153
7972
7682
7384
7164
7051
7004
6932
6739
6371
5843
5234
4647
4162
3797
3501
3180
2743
2148
1425
661
-41
-609
-1037
-1387
-1756
-2229
-2835
-3533
-4229
-4822
-5251
-5524
-5713
-5917
-6214
-6622
-7089
-7518
-7813
-7925
-7877
-7750
-7645
-7633
-7721
-7847
-7912
-7828
-7560
-7145
-6673
-6245
-5924
-5705
-5518
-5264
-4863
-4294
-3607
-2899
-2269
-1770
-1385
-1037
-627
-84
599
1360
2098
2719
3182
3516
3806
4150
4609
5178
5786
6330
6724
6940
7021
7059
7150
7346
7630
7924
8126
8159
8010
7734
7430
7190
7057
7004
6946
6784
6453
5954
5354
4756
4248
3862
3560
3253
2845
2282
1579
814
92
-506
-960
-1319
-1677
-2125
-2706
-3392
-4097
-4717
-5180
-5480
-5678
-5871
-6146
-6534
-6996
-7441
-7768
-7917
-7896
-7777
-7661
-7628
-7699
-7825
-7911
-7862
-7630
-7238
-6768
-6323
-5977
-5740
-5553
-5319
-4950
-4412
-3741
-3028
-2376
-1850
-1447
-1100
-710
-197
460
1212
1962
2611
3105
3459
3749
4075
4509
5060
5669
6235
6665
6917
7020
7059
7133
7307
