0
27
146
393
732
1076
1336
1466
1490
1490
1570
1804
2200
2699
3200
3607
3880
4046
4191
4409
4763
5246
5784
6273
6624
6808
6866
6890
6973
7168
7456
7759
7973
8019
7884
7623
7334
7110
6994
6957
6914
6767
6448
5959
5368
4777
4276
3897
3601
3298
2893
2331
1628
862
139
-460
-915
-1276
-1636
-2088
-2673
-3364
-4074
-4699
-5167
-5470
-5671
-5868
-6146
-6538
-7004
-7453
-7784
-7935
-7915
-7796
-7680
-7647
-7719
-7846
-7932
-7884
-7651
-7258
-6786
-6340
-5993
-5756
-5568
-5333
-4963
-4422
-3748
-3032
-2376
-1847
-1442
-1092
-700
-184
476
1232
1987
2640
3137
3494
3787
4116
4553
5107
5720
6289
6722
6975
7079
7119
7195
7371
7644
7946
8176
8248
8133
7875
7567
7308
7154
7091
7042
6908
6612
6141
5550
4940
4407
3995
3681
3381
2996
2462
1779
1014
271
-359
-843
-1217
-1570
-1998
-2556
-3231
-3946
-4595
-5097
-5430
-5643
-5832
-6088
-6458
-6915
-7375
-7735
-7923
-7933
-7826
-7700
-7647
-7699
-7821
-7924
-7908
-7712
-7346
-6882
-6423
-6053
-5796
-5606
-5388
-5050
-4542
-3889
-3173
-2498
-1942
-1515
-1162
-786
-299
334
1078
1841
2521
3051
3431
3729
4043
4455
4989
5597
6184
6649
6939
7067
7112
7173
7326
7584
7888
8141
8248
8170
7934
7628
7353
7176
7099
7056
6946
6686
6247
5673
5059
4504
4068
3739
3444
3084
2582
1925
1169
413
-244
-757
-1147
-1496
-1903
-2434
-3090
-3805
-4475
-5010
-5375
-5606
-5791
-6029
-6375
-6820
-7288
-7675
-7901
-7943
-7852
-7722
-7649
-7681
-7795
-7910
-7924
-7767
-7430
-6978
-6510
-6118
-5840
-5642
-5439
-5130
-4657
-4028
-3316
-2625
-2042
-1592
-1231
-868
-408
196
924
1692
2396
2958
3365
3671
3974
4363
4874
5474
6073
6569
6895
7051
7105
7155
7287
7526
7828
8099
8241
8200
7990
7689
7401
7202
7109
7066
6978
6752
6348
5795
5180
4607
4145
3799
3505
3166
2696
2067
1323
559
-124
-666
-1075
-1425
-1813
-2317
-2951
-3662
-4350
-4917
-5315
-5567
-5753
-5973
-6296
-6726
-7197
-7609
-7871
-7948
-7877
-7746
-7656
-7666
-7769
-7892
-7934
-7813
-7510
-7073
-6600
-6187
-5887
-5679
-5485
-5204
-4766
-4164
-3460
-2757
-2148
-1672
-1300
-945
-511
63
772
1540
2265
2859
3294
3614
3909
4275
4762
5350
5958
6482
6845
7031
7097
7141
7252
7471
7767
8053
8227
8223
8042
7752
7453
7233
7121
7075
7004
6811
6443
5914
5303
4714
4227
3861
3565
3242
2802
2204
1477
708
2
-569
-1001
-1355
-1728
-2205
-2815
-3518
-4219
-4816
-5249
-5525
-5716
-5922
-6222
-6634
-7104
-7536
-7833
-7947
-7899
-7772
-7667
-7655
-7744
-7871
-7937
-7852
-7584
-7167
-6692
-6261
-5938
-5716
-5528
-5271
-4867
-4295
-3604
-2893
-2259
-1757
-1370
-1020
-608
-63
622
1387
2128
2753
3218
3555
3847
4193
4655
5228
5840
6389
6787
7006
7089
7129
7221
7419
7705
8001
8205
8239
8090
7814
7509
7268
7136
7083
7025
6863
6531
6029
5426
4825
4314
3926
3623
3313
2903
2336
1629
860
134
-467
-924
-1286
-1647
-2099
-2684
-3374
-4084
-4709
-5176
-5479
-5680
-5875
-6153
-6544
-7010
-7458
-7788
-7939
-7918
-7799
-7682
-7649
-7720
-7847
-7933
-7884
-7651
-7258
-6786
-6340
-5993
-5755
-5567
-5332
-4962
-4422
-3748
-3031
-2376
-1847
-1441
-1092
-699
-184
476
1232
1987
2640
3138
3494
3787
4116
4553
5107
5720
6289
6722
6975
7079
7119
7195
7371
7644
7946
8176
8248
8133
7875
7567
7308
7154
7091
7042
6908
6612
6141
5550
4940
4407
3995
3681
3381
2996
2462
1779
1014
271
-359
-843
-1217
-1570
-1998
-2556
-3231
-3946
-4595
-5097
-5430
-5643
-5832
-6088
-6458
-6915
-7375
-7735
-7923
-7933
-7826
-7700
-7647
-7699
-7821
-7924
-7908
-7712
-7346
-6882
-6423
-6053
-5796
-5606
-5388
-5050
-4542
-3889
-3173
-2498
-1942
-1515
-1162
-786
-299
334
1078
1841
2521
3051
3431
3729
4043
4455
4989
5597
6184
6649
6939
7067
7112
7173
7326
7584
7888
8141
8248
8170
7934
7628
7353
7176
7099
7056
6946
6686
6247
5673
5059
4504
4068
3739
3444
3084
2582
1925
1169
413
-244
-757
-1147
-1496
-1903
-2434
-3090
-3805
-4475
-5010
-5375
-5606
-5791
-6029
-6375
-6820
-7288
-7675
-7901
-7943
-7852
-7722
-7649
-7681
-7795
-7910
-7924
-7767
-7430
-6978
-6510
-6118
-5840
-5642
-5439
-5130
-4657
-4028
-3316
-2625
-2042
-1592
-1231
-868
-408
196
924
1692
2396
2958
3365
3671
3974
4363
4874
5474
6073
6569
6895
7051
7105
7155
7287
7526
7828
8099
8241
8200
7990
7689
7401
7202
7109
7066
6978
6752
6348
5795
5180
4607
4145
3799
3505
3166
2696
2067
1323
559
-124
-666
-1075
-1425
-1813
-2317
-2951
-3662
-4350
-4917
-5315
-5567
-5753
-5973
-6296
-6726
-7197
-7609
-7871
-7948
-7877
-7746
-7656
-7666
-7769
-7892
-7934
-7813
-7510
-7073
-6600
-6187
-5887
-5679
-5485
-5204
-4766
-4164
-3460
-2757
-2148
-1672
-1300
-945
-511
63
772
1540
2265
2859
3294
3614
3909
4275
4762
5350
5958
6482
6845
7031
7097
7141
7252
7471
7767
8053
8227
8223
8042
7752
7453
7233
7121
7075
7004
6811
6443
5914
5303
4714
4227
3861
3565
3242
2802
2204
1477
708
2
-569
-1001
-1355
-1728
-2205
-2815
-3518
-4219
-4816
-5249
-5525
-5716
-5922
-6222
-6634
-7104
-7536
-7833
-7947
-7899
-7772
-7667
-7655
-7744
-7871
-7937
-7852
-7584
-7167
-6692
-6261
-5938
-5716
-5528
-5271
-4867
-4295
-3604
-2893
-2259
-1757
-1370
-1020
-608
-63
622
1387
2128
2753
3218
3555
3847
4193
4655
5228
5840
6389
6787
7006
7089
7129
7221
7419
7705
8001
8205
8239
8090
7814
7509
7268
7136
7083
7025
6863
6531
6029
5426
4825
4314
3926
3623
3313
2903
2336
1629
860
134
-467
-924
-1286
-1647
-2099
-2684
-3374
-4084
-4709
-5176
-5479
-5680
-5875
-6153
-6544
-7010
-7458
-7788
-7939
-7918
-7799
-7682
-7649
-7720
-7847
-7933
-7884
-7651
-7258
-6786
-6340
-5993
-5755
-5567
-5332
-4962
-4422
-3748
-3031
-2376
-1847
-1441
-1092
-699
-184
476
1232
1987
2640
3138
3494
3787
4116
4553
5107
5720
6289
6722
6975
7079
7119
7195
7371
