0.000000
0.000834
0.004472
0.012017
0.022352
0.032846
0.040774
0.044748
0.045479
0.045489
0.047927
0.055057
0.067160
0.082394
0.097666
0.110106
0.118427
0.123506
0.127906
0.134582
0.145384
0.160106
0.176530
0.191447
0.202172
0.207792
0.209569
0.210278
0.212818
0.218766
0.227574
0.236814
0.243327
0.244746
0.240629
0.232665
0.223844
0.217004
0.213449
0.212322
0.211034
0.206533
0.196807
0.181884
0.163840
0.145817
0.130521
0.118942
0.109900
0.100661
0.088298
0.071158
0.049705
0.026332
0.004247
-0.014054
-0.027950
-0.038960
-0.049957
-0.063729
-0.081583
-0.102664
-0.124335
-0.143415
-0.157693
-0.166965
-0.173098
-0.179090
-0.187582
-0.199545
-0.213777
-0.227473
-0.237560
-0.242177
-0.241566
-0.237938
-0.234391
-0.233394
-0.235586
-0.239460
-0.242100
-0.240608
-0.233515
-0.221513
-0.207129
-0.193513
-0.182927
-0.175667
-0.169940
-0.162768
-0.151464
-0.134968
-0.114399
-0.092545
-0.072542
-0.056389
-0.044013
-0.033346
-0.021371
-0.005634
0.014527
0.037611
0.060644
0.080587
0.095767
0.106655
0.115594
0.125622
0.138956
0.155879
0.174568
0.191944
0.205148
0.212892
0.216070
0.217292
0.219596
0.224954
0.233294
0.242523
0.249537
0.251720
0.248218
0.240345
0.230956
0.223053
0.218343
0.216408
0.214932
0.210838
0.201804
0.187417
0.169397
0.150786
0.134500
0.121938
0.112340
0.103186
0.091461
0.075161
0.054302
0.030956
0.008285
-0.010960
-0.025730
-0.037149
-0.047924
-0.060988
-0.078029
-0.098632
-0.120436
-0.140251
-0.155562
-0.165726
-0.172243
-0.177997
-0.185823
-0.197098
-0.211044
-0.225087
-0.236081
-0.241827
-0.242120
-0.238839
-0.235021
-0.233381
-0.234980
-0.238712
-0.241846
-0.241352
-0.235389
-0.224206
-0.210040
-0.196037
-0.184747
-0.176903
-0.171087
-0.164450
-0.154123
-0.138645
-0.118706
-0.096847
-0.076259
-0.059270
-0.046251
-0.035474
-0.023999
-0.009137
0.010193
0.032899
0.056206
0.076960
0.093126
0.104732
0.113817
0.123402
0.135981
0.152271
0.170831
0.188728
0.202934
0.211768
0.215691
0.217052
0.218928
0.223609
0.231464
0.240752
0.248456
0.251743
0.249338
0.242144
0.232800
0.224405
0.219017
0.216664
0.215340
0.212000
0.204058
0.190667
0.173154
0.154401
0.137474
0.124158
0.114127
0.105131
0.094133
0.078819
0.058763
0.035677
0.012615
-0.007467
-0.023109
-0.035016
-0.045670
-0.058084
-0.074291
-0.094318
-0.116133
-0.136589
-0.152923
-0.164060
-0.171102
-0.176758
-0.183997
-0.194573
-0.208147
-0.222426
-0.234256
-0.241141
-0.242433
-0.239640
-0.235681
-0.233453
-0.234424
-0.237912
-0.241421
-0.241857
-0.237040
-0.226775
-0.212962
-0.198682
-0.186721
-0.178236
-0.172215
-0.165994
-0.156583
-0.142151
-0.122947
-0.101216
-0.080139
-0.062329
-0.048594
-0.037585
-0.026495
-0.012462
0.005992
0.028206
0.051655
0.073138
0.090291
0.102701
0.112059
0.121306
0.133160
0.148757
0.167067
0.185358
0.200497
0.210441
0.215206
0.216834
0.218379
0.222398
0.229696
0.238917
0.247192
0.251530
0.250262
0.243856
0.234685
0.225883
0.219820
0.216964
0.215665
0.212972
0.206087
0.193746
0.176860
0.158093
0.140599
0.126516
0.115957
0.106994
0.096626
0.082280
0.063098
0.040398
0.017070
-0.003788
-0.020333
-0.032832
-0.043490
-0.055338
-0.070712
-0.090080
-0.111773
-0.132757
-0.150069
-0.162225
-0.169905
-0.175586
-0.182311
-0.192175
-0.205281
-0.219665
-0.232227
-0.240223
-0.242577
-0.240395
-0.236414
-0.233660
-0.233975
-0.237115
-0.240870
-0.242144
-0.238465
-0.229198
-0.215866
-0.201424
-0.188841
-0.179673
-0.173335
-0.167405
-0.158835
-0.145459
-0.127084
-0.105613
-0.084156
-0.065559
-0.051051
-0.039692
-0.028868
-0.015604
0.001948
0.023565
0.047023
0.069135
0.087259
0.100543
0.110297
0.119319
0.130495
0.145357
0.163303
0.181859
0.197846
0.208900
0.214593
0.216616
0.217935
0.221326
0.228011
0.237045
0.245767
0.251086
0.250974
0.245454
0.236589
0.227478
0.220758
0.217331
0.215934
0.213771
0.207890
0.196638
0.180490
0.161840
0.143869
0.129022
0.117856
0.108799
0.098954
0.085540
0.067288
0.045094
0.021627
0.000069
-0.017389
-0.030571
-0.041360
-0.052739
-0.067300
-0.085940
-0.107385
-0.128773
-0.147001
-0.160205
-0.168626
-0.174459
-0.180757
-0.189913
-0.202469
-0.216829
-0.230009
-0.239072
-0.242534
-0.241077
-0.237200
-0.233997
-0.233646
-0.236345
-0.240218
-0.242227
-0.239660
-0.231454
-0.218726
-0.204247
-0.191105
-0.181230
-0.174474
-0.168708
-0.160888
-0.148561
-0.131094
-0.110012
-0.088294
-0.068960
-0.053641
-0.041823
-0.031141
-0.018567
-0.001928
0.019000
0.042335
0.064967
0.084026
0.098239
0.108506
0.117424
0.127986
0.142087
0.159566
0.178254
0.194991
0.207137
0.213828
0.216370
0.217579
0.220393
0.226425
0.235162
0.244203
0.250418
0.251462
0.246915
0.238484
0.229174
0.221836
0.217785
0.216173
0.214417
0.209471
0.199327
0.184017
0.165616
0.147269
0.131682
0.119843
0.110572
0.101134
0.088599
0.071313
0.049737
0.026264
0.004098
-0.014267
-0.028211
-0.039255
-0.050274
-0.064059
-0.081917
-0.102996
-0.124658
-0.143726
-0.157988
-0.167241
-0.173353
-0.179324
-0.187795
-0.199736
-0.213947
-0.227622
-0.237690
-0.242289
-0.241660
-0.238017
-0.234455
-0.233446
-0.235626
-0.239490
-0.242122
-0.240622
-0.233522
-0.221515
-0.207126
-0.193507
-0.182918
-0.175655
-0.169927
-0.162754
-0.151449
-0.134953
-0.114385
-0.092531
-0.072529
-0.056376
-0.044001
-0.033335
-0.021361
-0.005624
0.014536
0.037618
0.060651
0.080592
0.095772
0.106659
0.115597
0.125625
0.138958
0.155881
0.174569
0.191945
0.205148
0.212893
0.216070
0.217292
0.219596
0.224954
0.233293
0.242522
0.249536
0.251720
0.248217
0.240344
0.230955
0.223053
0.218342
0.216408
0.214932
0.210837
0.201803
0.187416
0.169396
0.150786
0.134499
0.121938
0.112340
0.103185
0.091461
0.075161
0.054302
0.030956
0.008285
-0.010960
-0.025730
-0.037149
-0.047924
-0.060988
-0.078029
-0.098632
-0.120436
-0.140251
-0.155562
-0.165726
-0.172243
-0.177997
-0.185823
-0.197098
-0.211044
-0.225086
-0.236081
-0.241827
-0.242120
-0.238838
-0.235021
-0.233381
-0.234979
-0.238712
-0.241846
-0.241352
-0.235388
-0.224206
-0.210039
-0.196037
-0.184747
-0.176903
-0.171087
-0.164450
-0.154123
-0.138644
-0.118706
-0.096847
-0.076259
-0.059270
-0.046251
-0.035474
-0.023999
-0.009137
0.010193
0.032899
0.056206
0.076960
0.093126
0.104732
0.113817
0.123402
0.135981
0.152271
0.170831
0.188728
0.202934
0.211768
0.215691
0.217051
0.218928
0.223609
0.231464
0.240752
0.248455
0.251742
0.249338
0.242144
0.232800
0.224405
0.219017
0.216664
0.215340
0.212000
0.204058
0.190667
0.173154
0.154401
0.137474
0.124158
0.114127
0.105131
0.094133
0.078819
0.058763
0.035677
0.012615
-0.007467
-0.023109
-0.035016
-0.045670
-0.058083
-0.074290
-0.094318
-0.116133
-0.136589
-0.152923
-0.164060
-0.171102
-0.176758
-0.183997
-0.194573
-0.208147
-0.222426
-0.234257
-0.241141
-0.242433
-0.239640
-0.235681
-0.233453
-0.234424
-0.237912
-0.241421
-0.241857
-0.237040
-0.226776
-0.212962
-0.198682
-0.186721
-0.178236
-0.172215
-0.165993
-0.156583
-0.142151
-0.122947
-0.101215
-0.080139
-0.062329
-0.048594
-0.037585
-0.026495
-0.012462
0.005992
0.028206
0.051655
0.073138
0.090291
0.102701
0.112059
0.121306
0.133160
0.148757
0.167067
0.185358
0.200497
0.210441
0.215206
0.216834
0.218379
0.222398
0.229696
0.238917
0.247192
0.251530
0.250262
0.243856
0.234686
0.225883
0.219820
0.216964
0.215665
0.212972
0.206087
0.193746
0.176860
0.158094
0.140600
0.126516
0.115957
0.106994
0.096626
0.082280
0.063098
0.040398
0.017070
-0.003788
-0.020333
-0.032832
-0.043490
-0.055338
-0.070712
-0.090080
-0.111773
-0.132757
-0.150069
-0.162225
-0.169905
-0.175586
-0.182311
-0.192175
-0.205281
-0.219665
-0.232227
-0.240223
-0.242577
-0.240395
-0.236414
-0.233660
-0.233975
-0.237115
-0.240870
-0.242144
-0.238465
-0.229198
-0.215866
-0.201424
-0.188841
-0.179673
-0.173335
-0.167405
-0.158835
-0.145459
-0.127084
-0.105613
-0.084156
-0.065559
-0.051051
-0.039692
-0.028868
-0.015604
0.001948
0.023565
0.047023
0.069135
0.087259
0.100543
0.110297
0.119319
0.130495
0.145357
0.163303
0.181859
0.197846
0.208900
0.214593
0.216616
0.217935
0.221326
0.228011
0.237045
0.245767
0.251086
0.250974
0.245454
0.236589
0.227478
0.220758
0.217331
0.215934
0.213771
0.207890
0.196638
0.180490
0.161840
0.143869
0.129022
0.117856
0.108799
0.098954
0.085540
0.067288
0.045094
0.021627
0.000069
-0.017389
-0.030571
-0.041360
-0.052739
-0.067300
-0.085940
-0.107385
-0.128773
-0.147001
-0.160205
-0.168626
-0.174459
-0.180757
-0.189913
-0.202469
-0.216829
-0.230009
-0.239072
-0.242534
-0.241077
-0.237200
-0.233997
-0.233646
-0.236345
-0.240218
-0.242227
-0.239660
-0.231454
-0.218726
-0.204247
-0.191105
-0.181230
-0.174474
-0.168708
-0.160888
-0.148561
-0.131094
-0.110012
-0.088294
-0.068960
-0.053641
-0.041823
-0.031141
-0.018567
-0.001928
0.019000
0.042335
0.064967
0.084026
0.098239
0.108506
0.117424
0.127986
0.142087
0.159566
0.178254
0.194991
0.207137
0.213828
0.216370
0.217579
0.220393
0.226425
0.235162
0.244203
0.250418
0.251462
0.246915
0.238484
0.229174
0.221836
0.217785
0.216173
0.214417
0.209471
0.199327
0.184017
0.165616
0.147269
0.131682
0.119843
0.110572
0.101134
0.088599
0.071313
0.049737
0.026264
0.004098
-0.014267
-0.028211
-0.039255
-0.050274
-0.064059
-0.081917
-0.102996
-0.124658
-0.143726
-0.157988
-0.167241
-0.173353
-0.179324
-0.187795
-0.199736
-0.213947
-0.227622
-0.237690
-0.242289
-0.241660
-0.238017
-0.234455
-0.233446
-0.235626
-0.239490
-0.242122
-0.240622
-0.233522
-0.221515
-0.207126
-0.193507
-0.182918
-0.175655
-0.169927
-0.162754
-0.151449
-0.134953
-0.114385
-0.092531
-0.072529
-0.056376
-0.044001
-0.033335
-0.021361
-0.005624
0.014536
0.037618
0.060651
0.080592
0.095772
0.106659
0.115597
0.125625
0.138958
0.155881
0.174569
0.191945
0.205148
0.212893
0.216070
0.217292
0.219596
0.224954
