0
0.167527
0.315028
0.425535
0.487694
0.497372
0.458076
0.380115
0.278684
0.171195
0.0743484
0.0014349
-0.0396626
-0.0474442
-0.0266061
0.0132386
0.0596678
0.0999787
0.123661
0.124357
0.100956
0.0576342
0.00284928
-0.0525037
-0.097409
-0.123072
-0.124826
-0.103238
-0.0641724
-0.0178012
0.023286
0.0465223
0.0419085
0.00418261
-0.0658026
-0.160777
-0.267916
-0.370748
-0.451799
-0.495525
-0.491025
-0.434055
-0.327981
-0.183492
-0.0170936
0.15136
0.301699
0.416526
0.483832
0.498724
0.463961
0.389245
0.289391
0.181722
0.0831381
0.00737596
-0.0370784
-0.0480757
-0.0297338
0.00874209
0.0551002
0.0965498
0.122261
0.125396
0.104299
0.0626479
0.00854205
-0.0472669
-0.0936664
-0.121543
-0.125753
-0.106319
-0.0686019
-0.0224166
0.0197852
0.045318
0.0438181
0.0094721
-0.0575114
-0.150485
-0.257107
-0.361162
-0.445145
-0.49319
-0.493824
-0.442077
-0.340546
-0.199235
-0.0341664
0.135009
0.288011
0.407035
0.47944
0.499574
0.469443
0.398121
0.30002
0.192342
0.0921605
0.0136355
-0.0341543
-0.0484096
-0.0326575
0.00432484
0.0504818
0.0929601
0.120631
0.126189
0.107434
0.0675349
0.0142175
-0.0419342
-0.0897352
-0.119774
-0.12644
-0.109213
-0.0729444
-0.0270717
0.0161158
0.0438394
0.0453941
0.0144298
-0.049485
-0.140332
-0.246273
-0.351374
-0.438129
-0.490375
-0.496094
-0.449596
-0.352708
-0.214737
-0.0511977
0.118494
0.273979
0.397072
0.474518
0.499915
0.474509
0.406727
0.310554
0.20304
0.101404
0.0202076
-0.0308895
-0.0484389
-0.0353662
4.53831e-16
0.0458251
0.0892191
0.118776
0.126734
0.110353
0.0722853
0.0198641
-0.0365166
-0.0856232
-0.117766
-0.126883
-0.111913
-0.0771885
-0.0317532
0.01229
0.0420955
0.0466399
0.0190525
-0.0417327
-0.130333
-0.235433
-0.341402
-0.430763
-0.487089
-0.497835
-0.456604
-0.364454
-0.22998
-0.0681666
0.101835
0.259618
0.386648
0.469069
0.499741
0.479146
0.415047
0.320974
0.213799
0.110856
0.027086
-0.0272838
-0.0481575
-0.0378491
-0.00421937
0.0411429
0.0853366
0.116701
0.127031
0.113052
0.0768896
0.0254703
-0.0310249
-0.0813385
-0.115524
-0.12708
-0.114411
-0.0813229
-0.0364479
0.00832032
0.0400955
0.0475595
0.0233378
-0.0342636
-0.120503
-0.224602
-0.331262
-0.423064
-0.483343
-0.499049
-0.463097
-0.375771
-0.244946
-0.0850525
0.0850525
0.244946
0.375771
0.463097
0.499049
0.483343
0.423064
0.331262
0.224602
0.120503
0.0342636
-0.0233378
-0.0475595
-0.0400955
-0.00832032
0.0364479
0.0813229
0.114411
0.12708
0.115524
0.0813385
0.0310249
-0.0254703
-0.0768896
-0.113052
-0.127031
-0.116701
-0.0853366
-0.0411429
0.00421937
0.0378491
0.0481575
0.0272838
-0.027086
-0.110856
-0.213799
-0.320974
-0.415047
-0.479146
-0.499741
-0.469069
-0.386648
-0.259618
-0.101835
0.0681666
0.22998
0.364454
0.456604
0.497835
0.487089
0.430763
0.341402
0.235433
0.130333
0.0417327
-0.0190525
-0.0466399
-0.0420955
-0.01229
0.0317532
0.0771885
0.111913
0.126883
0.117766
0.0856232
0.0365166
-0.0198641
-0.0722853
-0.110353
-0.126734
-0.118776
-0.0892191
-0.0458251
9.07662e-16
0.0353662
0.0484389
0.0308895
-0.0202076
-0.101404
-0.20304
-0.310554
-0.406727
-0.474509
-0.499915
-0.474518
-0.397072
-0.273979
-0.118494
0.0511977
0.214737
0.352708
0.449596
0.496094
0.490375
0.438129
0.351374
0.246273
0.140332
0.049485
-0.0144298
-0.0453941
-0.0438394
-0.0161158
0.0270717
0.0729444
0.109213
0.12644
0.119774
0.0897352
0.0419342
-0.0142175
-0.0675349
-0.107434
-0.126189
-0.120631
-0.0929601
-0.0504818
-0.00432484
0.0326575
0.0484096
0.0341543
-0.0136355
-0.0921605
-0.192342
-0.30002
-0.398121
-0.469443
-0.499574
-0.47944
-0.407035
-0.288011
-0.135009
0.0341664
0.199235
0.340546
0.442077
0.493824
0.49319
0.445145
0.361162
0.257107
0.150485
0.0575114
-0.0094721
-0.0438181
-0.045318
-0.0197852
0.0224166
0.0686019
0.106319
0.125753
0.121543
0.0936664
0.0472669
-0.00854205
-0.0626479
-0.104299
-0.125396
-0.122261
-0.0965498
-0.0551002
-0.00874209
0.0297338
0.0480757
0.0370784
-0.00737596
-0.0831381
-0.181722
-0.289391
-0.389245
-0.463961
-0.498724
-0.483832
-0.416526
-0.301699
-0.15136
0.0170936
0.183492
0.327981
0.434055
0.491025
0.495525
0.451799
0.370748
0.267916
0.160777
0.0658026
-0.00418261
-0.0419085
-0.0465223
-0.023286
0.0178012
0.0641724
0.103238
0.124826
0.123072
0.097409
0.0525037
-0.00284928
-0.0576342
-0.100956
-0.124357
-0.123661
-0.0999787
-0.0596678
-0.0132386
0.0266061
0.0474442
0.0396626
-0.0014349
-0.0743484
-0.171195
-0.278684
-0.380115
-0.458076
-0.497372
-0.487694
-0.425535
-0.315028
-0.167527
-4.36024e-15
0.167527
0.315028
0.425535
0.487694
0.497372
0.458076
0.380115
0.278684
0.171195
0.0743484
0.0014349
-0.0396626
-0.0474442
-0.0266061
0.0132386
0.0596678
0.0999787
0.123661
0.124357
0.100956
0.0576342
0.00284928
-0.0525037
-0.097409
-0.123072
-0.124826
-0.103238
-0.0641724
-0.0178012
0.023286
0.0465223
0.0419085
0.00418261
-0.0658026
-0.160777
-0.267916
-0.370748
-0.451799
-0.495525
-0.491025
-0.434055
-0.327981
-0.183492
-0.0170936
0.15136
0.301699
0.416526
0.483832
0.498724
0.463961
0.389245
0.289391
0.181722
0.0831381
0.00737596
-0.0370784
-0.0480757
-0.0297338
0.00874209
0.0551002
0.0965498
0.122261
0.125396
0.104299
0.0626479
0.00854205
-0.0472669
-0.0936664
-0.121543
-0.125753
-0.106319
-0.0686019
-0.0224166
0.0197852
0.045318
0.0438181
0.0094721
-0.0575114
-0.150485
-0.257107
-0.361162
-0.445145
-0.49319
-0.493824
-0.442077
-0.340546
-0.199235
-0.0341664
0.135009
0.288011
0.407035
0.47944
0.499574
0.469443
0.398121
0.30002
0.192342
0.0921605
0.0136355
-0.0341543
-0.0484096
-0.0326575
0.00432484
0.0504818
0.0929601
0.120631
0.126189
0.107434
0.0675349
0.0142175
-0.0419342
-0.0897352
-0.119774
-0.12644
-0.109213
-0.0729444
-0.0270717
0.0161158
0.0438394
0.0453941
0.0144298
-0.049485
-0.140332
-0.246273
-0.351374
-0.438129
-0.490375
-0.496094
-0.449596
-0.352708
-0.214737
-0.0511977
0.118494
0.273979
0.397072
0.474518
0.499915
0.474509
0.406727
0.310554
0.20304
0.101404
0.0202076
-0.0308895
-0.0484389
-0.0353662
1.84308e-15
0.0458251
0.0892191
0.118776
0.126734
0.110353
0.0722853
0.0198641
-0.0365166
-0.0856232
-0.117766
-0.126883
-0.111913
-0.0771885
-0.0317532
0.01229
0.0420955
0.0466399
0.0190525
-0.0417327
-0.130333
-0.235433
-0.341402
-0.430763
-0.487089
-0.497835
-0.456604
-0.364454
-0.22998
-0.0681666
0.101835
0.259618
0.386648
0.469069
0.499741
0.479146
0.415047
0.320974
0.213799
0.110856
0.027086
-0.0272838
-0.0481575
-0.0378491
-0.00421937
0.0411429
0.0853366
0.116701
0.127031
0.113052
0.0768896
0.0254703
-0.0310249
-0.0813385
-0.115524
-0.12708
-0.114411
-0.0813229
-0.0364479
0.00832032
0.0400955
0.0475595
0.0233378
-0.0342636
-0.120503
-0.224602
-0.331262
-0.423064
-0.483343
-0.499049
-0.463097
-0.375771
-0.244946
-0.0850525
0.0850525
0.244946
0.375771
0.463097
0.499049
0.483343
0.423064
0.331262
0.224602
0.120503
0.0342636
-0.0233378
-0.0475595
-0.0400955
-0.00832032
0.0364479
0.0813229
0.114411
0.12708
0.115524
0.0813385
0.0310249
-0.0254703
-0.0768896
-0.113052
-0.127031
-0.116701
-0.0853366
-0.0411429
0.00421937
0.0378491
0.0481575
0.0272838
-0.027086
-0.110856
-0.213799
-0.320974
-0.415047
-0.479146
-0.499741
-0.469069
-0.386648
-0.259618
-0.101835
0.0681666
0.22998
0.364454
0.456604
0.497835
0.487089
0.430763
0.341402
0.235433
0.130333
0.0417327
-0.0190525
-0.0466399
-0.0420955
-0.01229
0.0317532
0.0771885
0.111913
0.126883
0.117766
0.0856232
0.0365166
-0.0198641
-0.0722853
-0.110353
-0.126734
-0.118776
-0.0892191
-0.0458251
3.02966e-15
0.0353662
0.0484389
0.0308895
-0.0202076
-0.101404
-0.20304
-0.310554
-0.406727
-0.474509
-0.499915
-0.474518
-0.397072
-0.273979
-0.118494
0.0511977
0.214737
0.352708
0.449596
0.496094
0.490375
0.438129
0.351374
0.246273
0.140332
0.049485
-0.0144298
-0.0453941
-0.0438394
-0.0161158
0.0270717
0.0729444
0.109213
0.12644
0.119774
0.0897352
0.0419342
-0.0142175
-0.0675349
-0.107434
-0.126189
-0.120631
-0.0929601
-0.0504818
-0.00432484
0.0326575
0.0484096
0.0341543
-0.0136355
-0.0921605
-0.192342
-0.30002
-0.398121
-0.469443
-0.499574
-0.47944
-0.407035
-0.288011
-0.135009
0.0341664
0.199235
0.340546
0.442077
0.493824
0.49319
0.445145
0.361162
0.257107
0.150485
0.0575114
-0.0094721
-0.0438181
-0.045318
-0.0197852
0.0224166
0.0686019
0.106319
0.125753
0.121543
0.0936664
0.0472669
-0.00854205
-0.0626479
-0.104299
-0.125396
-0.122261
-0.0965498
-0.0551002
-0.00874209
0.0297338
0.0480757
0.0370784
-0.00737596
-0.0831381
-0.181722
-0.289391
-0.389245
-0.463961
-0.498724
-0.483832
-0.416526
-0.301699
-0.15136
0.0170936
0.183492
0.327981
0.434055
0.491025
0.495525
0.451799
0.370748
0.267916
0.160777
0.0658026
-0.00418261
-0.0419085
-0.0465223
-0.023286
0.0178012
0.0641724
0.103238
0.124826
0.123072
0.097409
0.0525037
-0.00284928
-0.0576342
-0.100956
-0.124357
-0.123661
-0.0999787
-0.0596678
-0.0132386
0.0266061
0.0474442
0.0396626
-0.0014349
-0.0743484
-0.171195
-0.278684
-0.380115
-0.458076
-0.497372
-0.487694
-0.425535
-0.315028
-0.167527
-8.72048e-15
0.167527
0.315028
0.425535
0.487694
0.497372
0.458076
0.380115
0.278684
0.171195
0.0743484
0.0014349
-0.0396626
-0.0474442
-0.0266061
0.0132386
0.0596678
0.0999787
0.123661
0.124357
0.100956
0.0576342
0.00284928
-0.0525037
-0.097409
-0.123072
-0.124826
-0.103238
-0.0641724
-0.0178012
0.023286
0.0465223
0.0419085
0.00418261
-0.0658026
-0.160777
-0.267916
-0.370748
-0.451799
-0.495525
-0.491025
-0.434055
-0.327981
-0.183492
-0.0170936
0.15136
0.301699
0.416526
0.483832
0.498724
0.463961
0.389245
0.289391
0.181722
0.0831381
0.00737596
-0.0370784
-0.0480757
-0.0297338
0.00874209
0.0551002
0.0965498
0.122261
0.125396
0.104299
0.0626479
0.00854205
-0.0472669
-0.0936664
-0.121543
-0.125753
-0.106319
-0.0686019
-0.0224166
0.0197852
0.045318
0.0438181
0.0094721
-0.0575114
-0.150485
-0.257107
-0.361162
-0.445145
-0.49319
-0.493824
-0.442077
-0.340546
-0.199235
-0.0341664
0.135009
0.288011
0.407035
0.47944
0.499574
0.469443
0.398121
0.30002
0.192342
0.0921605
0.0136355
-0.0341543
-0.0484096
-0.0326575
0.00432484
0.0504818
0.0929601
0.120631
0.126189
0.107434
0.0675349
0.0142175
-0.0419342
-0.0897352
-0.119774
-0.12644
-0.109213
-0.0729444
-0.0270717
