0
0
3.45343e-05
0.0016004
0.00620741
0.0151391
0.0292421
0.0487755
0.0733453
0.101929
0.132989
0.16465
0.19492
0.221911
0.244035
0.260141
0.269588
0.272243
0.26841
0.25872
0.244003
0.225159
0.203063
0.178514
0.152225
0.126071
0.101529
0.0795826
0.0607321
0.0450602
0.0323276
0.0220803
0.013745
0.00669974
0.000313297
-0.00604184
-0.0129929
-0.0211708
-0.0311999
-0.0436609
-0.0590237
-0.0775538
-0.0992059
-0.123525
-0.149576
-0.175931
-0.200718
-0.221751
-0.236719
-0.243437
-0.240105
-0.22556
-0.199471
-0.162461
-0.116108
-0.0628522
-0.00578468
0.0516362
0.105918
0.153871
0.192906
0.22126
0.238117
0.243623
0.238788
0.225303
0.205299
0.18108
0.154877
0.128635
0.103879
0.0816426
0.0624726
0.0464892
0.0334803
0.023009
0.0145101
0.00736423
0.000940205
-0.00538989
-0.012253
-0.0202798
-0.0300965
-0.0422907
-0.0573472
-0.0755567
-0.0969096
-0.120995
-0.14693
-0.173332
-0.198371
-0.219882
-0.23556
-0.243192
-0.24093
-0.227535
-0.20259
-0.166615
-0.1211
-0.0684042
-0.0115658
0.045979
0.100726
0.14944
0.189461
0.218936
0.236951
0.24356
0.239693
0.226982
0.207527
0.183626
0.157528
0.131214
0.106254
0.0837337
0.0642453
0.0479481
0.0346585
0.0239574
0.0152887
0.00803593
0.00156805
-0.00474326
-0.0115247
-0.0194068
-0.029017
-0.0409493
-0.0557024
-0.0735913
-0.094641
-0.118485
-0.144289
-0.17072
-0.195988
-0.217955
-0.234319
-0.242848
-0.241642
-0.229395
-0.205597
-0.170674
-0.12602
-0.0739145
-0.0173398
0.0402937
0.0954728
0.144922
0.18591
0.216497
0.235671
0.243392
0.240509
0.228594
0.209711
0.186151
0.160177
0.133806
0.108655
0.0858554
0.0660501
0.0494372
0.0358627
0.0249262
0.0160815
0.00871548
0.00219746
-0.00410133
-0.0108075
-0.0185511
-0.0279608
-0.0396362
-0.0540893
-0.0716578
-0.0924008
-0.115995
-0.141654
-0.168096
-0.193572
-0.215973
-0.233001
-0.242405
-0.242244
-0.231138
-0.208492
-0.174635
-0.130865
-0.0793797
-0.0231031
0.0345836
0.0901621
0.140318
0.182254
0.213942
0.234276
0.243118
0.241234
0.230136
0.211848
0.188652
0.162823
0.136412
0.111079
0.0880075
0.0678871
0.0509569
0.0370934
0.025916
0.016889
0.0094035
0.00282906
-0.00346348
-0.0101006
-0.017712
-0.0269273
-0.0383511
-0.0525075
-0.0697564
-0.0901894
-0.113526
-0.139028
-0.165463
-0.191126
-0.213936
-0.231605
-0.241867
-0.242735
-0.232765
-0.211274
-0.178495
-0.135631
-0.0847967
-0.0288522
0.0288522
0.0847967
0.135631
0.178495
0.211274
0.232765
0.242735
0.241867
0.231605
0.213936
0.191126
0.165463
0.139028
0.113526
0.0901894
0.0697564
0.0525075
0.0383511
0.0269273
0.017712
0.0101006
0.00346348
-0.00282906
-0.0094035
-0.016889
-0.025916
-0.0370934
-0.0509569
-0.0678871
-0.0880075
-0.111079
-0.136412
-0.162823
-0.188652
-0.211848
-0.230136
-0.241234
-0.243118
-0.234276
-0.213942
-0.182254
-0.140318
-0.0901621
-0.0345836
0.0231031
0.0793797
0.130865
0.174635
0.208492
0.231138
0.242244
0.242405
0.233001
0.215973
0.193572
0.168096
0.141654
0.115995
0.0924008
0.0716578
0.0540893
0.0396362
0.0279608
0.0185511
0.0108075
0.00410133
-0.00219746
-0.00871548
-0.0160815
-0.0249262
-0.0358627
-0.0494372
-0.0660501
-0.0858554
-0.108655
-0.133806
-0.160177
-0.186151
-0.209711
-0.228594
-0.240509
-0.243392
-0.235671
-0.216497
-0.18591
-0.144922
-0.0954728
-0.0402937
0.0173398
0.0739145
0.12602
0.170674
0.205597
0.229395
0.241642
0.242848
0.234319
0.217955
0.195988
0.17072
0.144289
0.118485
0.094641
0.0735913
0.0557024
0.0409493
0.029017
0.0194068
0.0115247
0.00474326
-0.00156805
-0.00803593
-0.0152887
-0.0239574
-0.0346585
-0.0479481
-0.0642453
-0.0837337
-0.106254
-0.131214
-0.157528
-0.183626
-0.207527
-0.226982
-0.239693
-0.24356
-0.236951
-0.218936
-0.189461
-0.14944
-0.100726
-0.045979
0.0115658
0.0684042
0.1211
0.166615
0.20259
0.227535
0.24093
0.243192
0.23556
0.219882
0.198371
0.173332
0.14693
0.120995
0.0969096
0.0755567
0.0573472
0.0422907
0.0300965
0.0202798
0.012253
0.00538989
-0.000940205
-0.00736423
-0.0145101
-0.023009
-0.0334803
-0.0464892
-0.0624726
-0.0816426
-0.103879
-0.128635
-0.154877
-0.18108
-0.205299
-0.225303
-0.238788
-0.243623
-0.238117
-0.22126
-0.192906
-0.153871
-0.105918
-0.0516362
0.00578468
0.0628522
0.116108
0.162461
0.199471
0.22556
0.240105
0.243437
0.236719
0.221751
0.200718
0.175931
0.149576
0.123525
0.0992059
0.0775538
0.0590237
0.0436609
0.0311999
0.0211708
0.0129929
0.00604184
-0.000313297
-0.00669974
-0.013745
-0.0220803
-0.0323276
-0.0450602
-0.0607321
-0.0795826
-0.101529
-0.126071
-0.152225
-0.178514
-0.203028
-0.223558
-0.237796
-0.243581
-0.239168
-0.223468
-0.196243
-0.158212
-0.111046
-0.0572617
-3.00028e-15
0.0572617
0.111046
0.158212
0.196243
0.223468
0.239168
0.243581
0.237796
0.223558
0.203028
0.178514
0.152225
0.126071
0.101529
0.0795826
0.0607321
0.0450602
0.0323276
0.0220803
0.013745
0.00669974
0.000313297
-0.00604184
-0.0129929
-0.0211708
-0.0311999
-0.0436609
-0.0590237
-0.0775538
-0.0992059
-0.123525
-0.149576
-0.175931
-0.200718
-0.221751
-0.236719
-0.243437
-0.240105
-0.22556
-0.199471
-0.162461
-0.116108
-0.0628522
-0.00578468
0.0516362
0.105918
0.153871
0.192906
0.22126
0.238117
0.243623
0.238788
0.225303
0.205299
0.18108
0.154877
0.128635
0.103879
0.0816426
0.0624726
0.0464892
0.0334803
0.023009
0.0145101
0.00736423
0.000940205
-0.00538989
-0.012253
-0.0202798
-0.0300965
-0.0422907
-0.0573472
-0.0755567
-0.0969096
-0.120995
-0.14693
-0.173332
-0.198371
-0.219882
-0.23556
-0.243192
-0.24093
-0.227535
-0.20259
-0.166615
-0.1211
-0.0684042
-0.0115658
0.045979
0.100726
0.14944
0.189461
0.218936
0.236951
0.24356
0.239693
0.226982
0.207527
0.183626
0.157528
0.131214
0.106254
0.0837337
0.0642453
0.0479481
0.0346585
0.0239574
0.0152887
0.00803593
0.00156805
-0.00474326
-0.0115247
-0.0194068
-0.029017
-0.0409493
-0.0557024
-0.0735913
-0.094641
-0.118485
-0.144289
-0.17072
-0.195988
-0.217955
-0.234319
-0.242848
-0.241642
-0.229395
-0.205597
-0.170674
-0.12602
-0.0739145
-0.0173398
0.0402937
0.0954728
0.144922
0.18591
0.216497
0.235671
0.243392
0.240509
0.228594
0.209711
0.186151
0.160177
0.133806
0.108655
0.0858554
0.0660501
0.0494372
0.0358627
0.0249262
0.0160815
0.00871548
0.00219746
-0.00410133
-0.0108075
-0.0185511
-0.0279608
-0.0396362
-0.0540893
-0.0716578
-0.0924008
-0.115995
-0.141654
-0.168096
-0.193572
-0.215973
-0.233001
-0.242405
-0.242244
-0.231138
-0.208492
-0.174635
-0.130865
-0.0793797
-0.0231031
0.0345836
0.0901621
0.140318
0.182254
0.213942
0.234276
0.243118
0.241234
0.230136
0.211848
0.188652
0.162823
0.136412
0.111079
0.0880075
0.0678871
0.0509569
0.0370934
0.025916
0.016889
0.0094035
0.00282906
-0.00346348
-0.0101006
-0.017712
-0.0269273
-0.0383511
-0.0525075
-0.0697564
-0.0901894
-0.113526
-0.139028
-0.165463
-0.191126
-0.213936
-0.231605
-0.241867
-0.242735
-0.232765
-0.211274
-0.178495
-0.135631
-0.0847967
-0.0288522
0.0288522
0.0847967
0.135631
0.178495
0.211274
0.232765
0.242735
0.241867
0.231605
0.213936
0.191126
0.165463
0.139028
0.113526
0.0901894
0.0697564
0.0525075
0.0383511
0.0269273
0.017712
0.0101006
0.00346348
-0.00282906
-0.0094035
-0.016889
-0.025916
-0.0370934
-0.0509569
-0.0678871
-0.0880075
-0.111079
-0.136412
-0.162823
-0.188652
-0.211848
-0.230136
-0.241234
-0.243118
-0.234276
-0.213942
-0.182254
-0.140318
-0.0901621
-0.0345836
0.0231031
0.0793797
0.130865
0.174635
0.208492
0.231138
0.242244
0.242405
0.233001
0.215973
0.193572
0.168096
0.141654
0.115995
0.0924008
0.0716578
0.0540893
0.0396362
0.0279608
0.0185511
0.0108075
0.00410133
-0.00219746
-0.00871548
-0.0160815
-0.0249262
-0.0358627
-0.0494372
-0.0660501
-0.0858554
-0.108655
-0.133806
-0.160177
-0.186151
-0.209711
-0.228594
-0.240509
-0.243392
-0.235671
-0.216497
-0.18591
-0.144922
-0.0954728
-0.0402937
0.0173398
0.0739145
0.12602
0.170674
0.205597
0.229395
0.241642
0.242848
0.234319
0.217955
0.195988
0.17072
0.144289
0.118485
0.094641
0.0735913
0.0557024
0.0409493
0.029017
0.0194068
0.0115247
0.00474326
-0.00156805
-0.00803593
-0.0152887
-0.0239574
-0.0346585
-0.0479481
-0.0642453
-0.0837337
-0.106254
-0.131214
-0.157528
-0.183626
-0.207527
-0.226982
-0.239693
-0.24356
-0.236951
-0.218936
-0.189461
-0.14944
-0.100726
-0.045979
0.0115658
0.0684042
0.1211
0.166615
0.20259
0.227535
0.24093
0.243192
0.23556
0.219882
0.198371
0.173332
0.14693
0.120995
0.0969096
0.0755567
0.0573472
0.0422907
0.0300965
0.0202798
0.012253
0.00538989
-0.000940205
-0.00736423
-0.0145101
-0.023009
-0.0334803
-0.0464892
-0.0624726
-0.0816426
-0.103879
-0.128635
-0.154877
-0.18108
-0.205299
-0.225303
-0.238788
-0.243623
-0.238117
-0.22126
-0.192906
-0.153871
-0.105918
-0.0516362
0.00578468
0.0628522
0.116108
0.162461
0.199471
0.22556
0.240105
0.243437
0.236719
0.221751
0.200718
0.175931
0.149576
0.123525
0.0992059
0.0775538
0.0590237
0.0436609
0.0311999
0.0211708
0.0129929
0.00604184
-0.000313297
-0.00669974
-0.013745
-0.0220803
-0.0323276
-0.0450602
-0.0607321
-0.0795826
-0.101529
-0.126071
-0.152225
-0.178514
-0.203028
-0.223558
-0.237796
-0.243581
-0.239168
-0.223468
-0.196243
-0.158212
-0.111046
-0.0572617
-7.17761e-15
0.0572617
0.111046
0.158212
0.196243
0.223468
0.239168
0.243581
0.237796
0.223558
0.203028
0.178514
0.152225
0.126071
0.101529
0.0795826
0.0607321
0.0450602
0.0323276
0.0220803
0.013745
0.00669974
0.000313297
-0.00604184
-0.0129929
-0.0211708
-0.0311999
-0.0436609
-0.0590237
-0.0775538
-0.0992059
-0.123525
-0.149576
-0.175931
-0.200718
-0.221751
-0.236719
-0.243437
-0.240105
-0.22556
-0.199471
-0.162461
-0.116108
-0.0628522
-0.00578468
0.0516362
0.105918
0.153871
0.192906
0.22126
0.238117
0.243623
0.238788
0.225303
0.205299
0.18108
0.154877
0.128635
0.103879
0.0816426
0.0624726
0.0464892
0.0334803
0.023009
0.0145101
0.00736423
0.000940205
-0.00538989
-0.012253
-0.0202798
-0.0300965
-0.0422907
-0.0573472
-0.0755567
-0.0969096
-0.120995
-0.14693
-0.173332
-0.198371
-0.219882
-0.23556
-0.243192
-0.24093
-0.227535
-0.20259
-0.166615
-0.1211
-0.0684042
-0.0115658
0.045979
0.100726
0.14944
0.189461
0.218936
0.236951
0.24356
0.239693
0.226982
0.207527
0.183626
0.157528
0.131214
0.106254
0.0837337
0.0642453
0.0479481
