0
219.8502197265625
219.569549560546875
219.242156982421875
218.8677520751953125
218.4472198486328125
217.9810638427734375
217.469390869140625
216.9130096435546875
216.3116912841796875
215.66656494140625
214.977813720703125
214.2460479736328125
213.4721527099609375
212.6563262939453125
211.79925537109375
210.9014434814453125
209.96331787109375
208.9862060546875
207.9707183837890625
206.916839599609375
205.82550048828125
204.6979827880859375
203.5342864990234375
202.3357696533203125
201.103057861328125
199.8371734619140625
198.53790283203125
197.2075042724609375
195.845550537109375
194.453765869140625
193.0325164794921875
191.5831756591796875
190.1060943603515625
188.6024169921875
187.072906494140625
185.51898193359375
183.940948486328125
182.3396759033203125
180.716949462890625
179.073486328125
177.4093475341796875
175.72650146484375
174.0251617431640625
172.3071441650390625
170.5727081298828125
168.823211669921875
167.0593109130859375
165.28228759765625
163.4934234619140625
161.69293212890625
159.88238525390625
158.0627899169921875
156.23504638671875
154.3999176025390625
152.5587158203125
150.7118072509765625
148.861358642578125
147.0068359375
145.15057373046875
143.292694091796875
141.4347076416015625
139.5770721435546875
137.7214813232421875
135.867706298828125
134.0175323486328125
132.1721038818359375
130.33172607421875
128.4972991943359375
126.6701507568359375
124.8509674072265625
123.040283203125
121.2394256591796875
119.449127197265625
117.6704864501953125
115.903961181640625
114.1501312255859375
112.410675048828125
110.6855316162109375
108.9752960205078125
107.28173828125
105.6046905517578125
103.9453277587890625
102.3041534423828125
100.6819610595703125
99.079254150390625
97.4968414306640625
95.935577392578125
94.395263671875
92.877197265625
91.381591796875
89.9092864990234375
88.460906982421875
87.036346435546875
85.6366119384765625
84.2618408203125
82.9130401611328125
81.589813232421875
80.2931976318359375
79.0233917236328125
77.78082275390625
76.5656280517578125
75.3780517578125
74.21875
73.0876922607421875
71.98541259765625
70.911895751953125
69.867279052734375
68.8519439697265625
67.8660888671875
66.909149169921875
65.982452392578125
65.0852813720703125
64.2178955078125
63.38018798828125
62.5725250244140625
61.7940216064453125
61.045623779296875
60.3270416259765625
59.638427734375
58.9788970947265625
58.34912109375
57.748504638671875
57.177276611328125
56.634735107421875
56.121185302734375
55.6361541748046875
55.1795806884765625
54.750946044921875
54.3506011962890625
53.976837158203125
53.6311492919921875
53.3116607666015625
53.0192718505859375
52.7526702880859375
52.5117645263671875
52.2965240478515625
52.105743408203125
51.939971923828125
51.797760009765625
51.6793212890625
51.5838470458984375
51.51104736328125
51.4600982666015625
51.4306793212890625
51.42242431640625
51.43408203125
51.4661865234375
51.51715087890625
51.5870208740234375
51.6743927001953125
51.7797393798828125
51.9014129638671875
52.0393524169921875
52.1928253173828125
52.361480712890625
52.54388427734375
52.739776611328125
52.948883056640625
53.169769287109375
53.402252197265625
53.645294189453125
53.8989410400390625
54.1611175537109375
54.43231201171875
54.711334228515625
54.997650146484375
55.2902679443359375
55.5886688232421875
55.8922576904296875
56.200164794921875
56.5113525390625
56.82586669921875
57.1420745849609375
57.459869384765625
57.7782745361328125
58.0966033935546875
58.414520263671875
58.7306976318359375
59.0447845458984375
59.356292724609375
59.6642303466796875
59.967559814453125
60.266510009765625
60.5595550537109375
60.84625244140625
61.126373291015625
61.3986663818359375
61.6629638671875
61.9182281494140625
62.1641845703125
62.3999481201171875
62.62530517578125
62.83917236328125
63.04132080078125
63.2309112548828125
63.4078216552734375
63.571075439453125
63.7202606201171875
63.8551483154296875
63.9745330810546875
64.078826904296875
64.1668243408203125
64.23858642578125
64.293243408203125
64.3303680419921875
64.34979248046875
64.35186767578125
64.3343505859375
64.298675537109375
64.2433929443359375
64.1685638427734375
64.0738525390625
63.9591522216796875
63.8238067626953125
63.6678314208984375
63.4908447265625
63.29266357421875
63.073028564453125
62.83184814453125
62.569183349609375
62.284210205078125
61.977630615234375
61.64849853515625
61.2973785400390625
60.9237823486328125
60.5280914306640625
60.1096038818359375
59.6690673828125
59.20562744140625
58.720245361328125
58.2123565673828125
57.6822967529296875
57.1293182373046875
56.555023193359375
55.958221435546875
55.33966064453125
54.69921875
54.0374298095703125
53.35394287109375
52.649261474609375
51.923675537109375
51.17718505859375
50.410308837890625
49.623138427734375
48.8159027099609375
47.9889984130859375
47.143218994140625
46.2777099609375
45.3938751220703125
44.4917449951171875
43.5715484619140625
42.6341552734375
41.6795501708984375
40.70794677734375
39.72015380859375
38.716949462890625
37.69781494140625
36.6640472412109375
35.6160736083984375
34.55426025390625
33.4787139892578125
32.3905181884765625
31.28997802734375
30.1775970458984375
29.054107666015625
27.9197845458984375
26.7752685546875
25.621612548828125
24.4589385986328125
23.2877960205078125
22.1087188720703125
20.922760009765625
19.7303314208984375
18.531982421875
17.3283843994140625
16.12005615234375
14.907928466796875
13.692138671875
12.4736785888671875
11.2534332275390625
10.0313720703125
8.808746337890625
7.585662841796875
6.363677978515625
5.14263916015625
3.9232940673828125
2.7064056396484375
1.4929656982421875
.282928466796875
-.92242431640625
-2.12286376953125
-3.317474365234375
-4.5058746337890625
-5.687408447265625
-6.860931396484375
-8.02655029296875
-9.183074951171875
-10.3302154541015625
-11.4671783447265625
-12.5938262939453125
-13.7090606689453125
-14.811981201171875
-15.9030914306640625
-16.9808807373046875
-18.0449981689453125
-19.0951995849609375
-20.1305999755859375
-21.1511077880859375
-22.1554412841796875
-23.1436920166015625
-24.1155242919921875
-25.0698699951171875
-26.006439208984375
-26.9248199462890625
-27.82501220703125
-28.70562744140625
-29.567138671875
-30.4085540771484375
-31.229736328125
-32.0304107666015625
-32.809906005859375
-33.5677337646484375
-34.3045806884765625
-35.018646240234375
-35.71051025390625
-36.3795623779296875
-37.025970458984375
-37.6490936279296875
-38.248809814453125
-38.82464599609375
-39.3767547607421875
-39.9046173095703125
-40.408477783203125
-40.8875274658203125
-41.342315673828125
-41.772003173828125
-42.176910400390625
-42.55731201171875
-42.91217041015625
-43.2423858642578125
-43.547332763671875
-43.8269195556640625
-44.0816192626953125
-44.3110809326171875
-44.515533447265625
-44.695098876953125
-44.849395751953125
-44.9786224365234375
-45.0834197998046875
-45.16302490234375
-45.2181243896484375
-45.2490692138671875
-45.255706787109375
-45.2381744384765625
-45.1967620849609375
-45.13153076171875
-45.042755126953125
-44.9311065673828125
-44.796417236328125
-44.6390228271484375
-44.45892333984375
-44.257080078125
-44.0335693359375
-43.7883758544921875
-43.52239990234375
-43.235565185546875
-42.9283905029296875
-42.6014556884765625
-42.255035400390625
-41.8893890380859375
-41.505279541015625
-41.1025848388671875
-40.6825408935546875
-40.2451171875
-39.791015625
-39.3203125
-38.834136962890625
-38.3325958251953125
-37.8160400390625
-37.285491943359375
-36.74127197265625
-36.18414306640625
-35.61431884765625
-35.0325469970703125
-34.439361572265625
-33.835113525390625
-33.2209930419921875
-32.59698486328125
-31.9642486572265625
-31.322845458984375
-30.6739044189453125
-30.0177154541015625
-29.3551025390625
-28.6864776611328125
-28.01239013671875
-27.3336181640625
-26.6512451171875
-25.9654541015625
-25.27679443359375
-24.5862274169921875
-23.894134521484375
-23.2011871337890625
-22.508056640625
-21.8155059814453125
-21.124237060546875
-20.4345245361328125
-19.747711181640625
-19.0635833740234375
-18.3835296630859375
-17.707244873046875
-17.0363311767578125
-16.3712005615234375
-15.7119293212890625
-15.059417724609375
-14.414398193359375
-13.777679443359375
-13.14959716796875
-12.530609130859375
-11.9210662841796875
-11.3225555419921875
-10.73486328125
-10.1584930419921875
-9.594268798828125
-9.042877197265625
-8.5041656494140625
-7.979461669921875
-7.4687042236328125
-6.9732208251953125
-6.49237060546875
-6.027435302734375
-5.5785064697265625
-5.1463775634765625
-4.7310333251953125
-4.3332366943359375
-3.953521728515625
-3.59197998046875
-3.2493896484375
-2.92559814453125
-2.6213226318359375
-2.3369903564453125
-2.07257080078125
-1.82891845703125
-1.60589599609375
-1.4042510986328125
-1.2237396240234375
-1.0649871826171875
-.9277496337890625
-.8131561279296875
-.720733642578125
-.6508331298828125
-.6039581298828125
-.5799102783203125
-.5787811279296875
-.60107421875
-.6468505859375
-.715728759765625
-.8084716796875
-.9249114990234375
-1.064849853515625
-1.228485107421875
-1.4160003662109375
-1.6274566650390625
-1.8625030517578125
-2.1214599609375
-2.404052734375
-2.710357666015625
-3.040679931640625
-3.394073486328125
-3.771026611328125
-4.1714019775390625
-4.594879150390625
-5.0413818359375
-5.51116943359375
-6.0029754638671875
-6.517578125
-7.054595947265625
-7.6137847900390625
-8.1945953369140625
-8.7972259521484375
-9.420684814453125
-10.065460205078125
-10.7310333251953125
-11.41705322265625
-12.123016357421875
-12.848876953125
-13.594024658203125
-14.358428955078125
-15.141387939453125
-15.9428253173828125
-16.7618255615234375
-17.59869384765625
-18.4523468017578125
-19.3228302001953125
-20.2094573974609375
-21.1118927001953125
-22.0294647216796875
-22.962158203125
-23.90863037109375
-24.8691558837890625
-25.84320068359375
-26.8298797607421875
-27.8289794921875
-28.839813232421875
-29.8621978759765625
-30.894775390625
-31.9380950927734375
-32.9905242919921875
-34.0523681640625
-35.122406005859375
-36.200592041015625
-37.2860870361328125
-38.3783111572265625
-39.4770965576171875
-40.5809783935546875
-41.690155029296875
-42.80401611328125
-43.921661376953125
-45.0425262451171875
-46.165863037109375
-47.29156494140625
-48.4186859130859375
-49.5467987060546875
-50.6750640869140625
-51.803192138671875
-52.93035888671875
-54.0561676025390625
-55.1799468994140625
-56.3009796142578125
-57.4187774658203125
-58.5330352783203125
-59.6427459716796875
-60.7474212646484375
-61.8467864990234375
-62.9398193359375
-64.026397705078125
-65.105712890625
-66.1775360107421875
-67.2408447265625
-68.29541015625
-69.3406982421875
-70.3761444091796875
-71.401092529296875
-72.415069580078125
-73.4177093505859375
-74.40869140625
-75.38726806640625
-76.352691650390625
-77.30511474609375
-78.2439422607421875
-79.168365478515625
-80.0779266357421875
-80.9727630615234375
-81.85223388671875
-82.715606689453125
-83.5628204345703125
-84.3935699462890625
-85.2070465087890625
-86.00323486328125
-86.78179931640625
-87.542327880859375
-88.28460693359375
-89.0079498291015625
-89.71246337890625
-90.3978271484375
-91.0637359619140625
-91.70953369140625
-92.33563232421875
-92.9414825439453125
-93.5266571044921875
-94.0914154052734375
-94.635284423828125
-95.157958984375
-95.6596221923828125
-96.1398162841796875
-96.5987091064453125
-97.0358734130859375
-97.451446533203125
-97.84521484375
-98.2172088623046875
-98.5669708251953125
-98.89501953125
-99.2009735107421875
-99.4848785400390625
-99.7467803955078125
-99.9867095947265625
-100.2045440673828125
-100.4003143310546875
-100.57421875
-100.725982666015625
-100.85638427734375
-100.9647674560546875
-101.051513671875
-101.1166229248046875
-101.160552978515625
-101.183197021484375
-101.184722900390625
-101.1651611328125
-101.1249542236328125
-101.06414794921875
-100.983001708984375
-100.8814697265625
-100.7603607177734375
-100.61907958984375
-100.4587860107421875
-100.2787628173828125
-100.08001708984375
-99.86260986328125
-99.6268768310546875
-99.3727874755859375
-99.1009674072265625
-98.811767578125
-98.5054779052734375
-98.1822509765625
-97.8426055908203125
-97.4868011474609375
-97.115142822265625
-96.7280731201171875
-96.325836181640625
-95.9091339111328125
-95.47796630859375
-95.0330047607421875
-94.57470703125
-94.1030120849609375
-93.618804931640625
-93.122314453125
-92.6139068603515625
-92.0940093994140625
-91.5631256103515625
-91.0220489501953125
-90.470489501953125
-89.90924072265625
-89.3387298583984375
-88.759521484375
-88.1719818115234375
-87.5763702392578125
-86.9731903076171875
-86.3632354736328125
-85.7467498779296875
-85.1239166259765625
-84.4954071044921875
-83.861785888671875
-83.2234954833984375
-82.5806884765625
-81.9341888427734375
-81.2842254638671875
-80.631072998046875
-79.975860595703125
-79.3179473876953125
-78.6588592529296875
-77.998199462890625
-77.336761474609375
-76.675018310546875
-76.013519287109375
-75.3522186279296875
-74.6920013427734375
-74.0330352783203125
-73.37567138671875
-72.7203216552734375
-72.067626953125
-71.417755126953125
-70.771148681640625
-70.127960205078125
-69.4890899658203125
-68.8542022705078125
-68.2243499755859375
-67.599273681640625
-66.979583740234375
-66.36578369140625
-65.7579193115234375
-65.1563262939453125
-64.5616912841796875
-63.9735260009765625
-63.3927154541015625
-62.81964111328125
-62.2539215087890625
-61.6964569091796875
-61.14727783203125
-60.6066131591796875
-60.0748138427734375
-59.5518035888671875
-59.0379638671875
-58.533355712890625
-58.0384979248046875
-57.55322265625
-57.07806396484375
-56.6129150390625
-56.1577301025390625
-55.7130126953125
-55.2786712646484375
-54.8550872802734375
-54.441986083984375
-54.0397491455078125
-53.6484832763671875
-53.26788330078125
-52.8985137939453125
-52.53985595703125
-52.192352294921875
-51.85601806640625
-51.53082275390625
-51.2165374755859375
-50.913604736328125
-50.621734619140625
-50.340789794921875
-50.071044921875
-49.8122406005859375
-49.564208984375
-49.3270263671875
-49.1006317138671875
-48.8850250244140625
-48.680023193359375
-48.485382080078125
-48.301177978515625
-48.1273345947265625
-47.963531494140625
-47.8094635009765625
-47.6652374267578125
-47.53076171875
-47.40582275390625
-47.2901458740234375
-47.183502197265625
-47.085784912109375
-46.9969482421875
-46.916412353515625
-46.843994140625
-46.7799835205078125
-46.7236175537109375
-46.6747283935546875
-46.633056640625
-46.5987396240234375
-46.5709991455078125
-46.5500640869140625
-46.5352630615234375
-46.5264434814453125
-46.5235137939453125
-46.525909423828125
-46.5333709716796875
-46.5458221435546875
-46.5626983642578125
-46.5838775634765625
-46.609130859375
-46.6378326416015625
-46.670074462890625
-46.7052154541015625
-46.7431182861328125
-46.783355712890625
-46.82550048828125
-46.86962890625
-46.9150390625
-46.9616241455078125
-47.0091400146484375
-47.0568389892578125
-47.1048431396484375
-47.1523895263671875
-47.19964599609375
-47.245941162109375
-47.291259765625
-47.33502197265625
-47.3769378662109375
-47.416534423828125
-47.453948974609375
-47.488555908203125
-47.5200653076171875
-47.54815673828125
-47.5726165771484375
-47.5931396484375
-47.6093902587890625
-47.6210784912109375
-47.6280975341796875
-47.62982177734375
-47.62603759765625
-47.6167449951171875
-47.601409912109375
-47.5797576904296875
-47.5519256591796875
-47.517059326171875
-47.4754486083984375
-47.4266357421875
-47.3701629638671875
-47.30621337890625
-47.234344482421875
-47.1543731689453125
-47.0660858154296875
-46.9692535400390625
-46.8637847900390625
-46.74932861328125
-46.625946044921875
-46.4933624267578125
-46.3511199951171875
-46.1995697021484375
-46.0383758544921875
-45.8673858642578125
-45.68621826171875
-45.4953155517578125
-45.2940826416015625
-45.0827178955078125
-44.8607635498046875
-44.6284942626953125
-44.3858184814453125
-44.132568359375
-43.86865234375
-43.5941009521484375
-43.30859375
-43.0128326416015625
-42.705841064453125
-42.3885345458984375
-42.0601348876953125
-41.72125244140625
-41.3714447021484375
-41.0111541748046875
-40.639923095703125
-40.2583465576171875
-39.866302490234375
-39.4634857177734375
-39.0503997802734375
-38.626953125
-38.1934051513671875
-37.7496490478515625
-37.2960052490234375
-36.8322296142578125
-36.3589630126953125
-35.8759307861328125
-35.3834381103515625
-34.8816070556640625
-34.3707122802734375
-33.850738525390625
-33.3218536376953125
-32.7845916748046875
-32.2386932373046875
-31.6845245361328125
-31.12249755859375
-30.5526275634765625
-29.975189208984375
-29.3902587890625
-28.79827880859375
-28.199493408203125
-27.593994140625
-26.9820556640625
-26.3642120361328125
-25.7401580810546875
-25.11083984375
-24.4761199951171875
-23.836456298828125
-23.191925048828125
-22.543121337890625
-21.88995361328125
-21.233001708984375
-20.5723876953125
-19.908599853515625
-19.24212646484375
-18.5729217529296875
-17.901397705078125
-17.227630615234375
-16.5524139404296875
-15.8758392333984375
-15.19818115234375
-14.5199432373046875
-13.8412628173828125
-13.1624908447265625
-12.4841156005859375
-11.806243896484375
-11.1295318603515625
-10.4538421630859375
-9.779937744140625
-9.10791015625
-8.438201904296875
-7.7710113525390625
-7.1067657470703125
-6.4458770751953125
-5.78851318359375
-5.1348419189453125
-4.4855499267578125
-3.8407745361328125
-3.2009124755859375
-2.56597900390625
-1.936767578125
-1.3132171630859375
-.6956787109375
-.0846710205078125
.5198516845703125
1.1173248291015625
1.7075653076171875
2.290435791015625
2.8653717041015625
3.43243408203125
3.990966796875
4.5410614013671875
5.082305908203125
5.6144256591796875
6.1373138427734375
6.6506500244140625
7.1542816162109375
7.647918701171875
8.1312255859375
8.604248046875
9.066680908203125
9.51824951171875
9.958831787109375
10.38836669921875
10.8065338134765625
11.21319580078125
11.6083221435546875
11.9915008544921875
12.3629608154296875
12.7223052978515625
13.0694580078125
13.4044342041015625
13.7271270751953125
14.037109375
14.33465576171875
14.619659423828125
14.892059326171875
15.15155029296875
15.3983306884765625
15.632171630859375
15.8533172607421875
16.0616302490234375
16.256927490234375
16.439300537109375
16.6088714599609375
16.765533447265625
16.909576416015625
17.0405120849609375
17.1587066650390625
17.2642974853515625
17.3572845458984375
17.437591552734375
17.5054779052734375
17.5609283447265625
17.603912353515625
17.6348419189453125
17.65362548828125
17.660369873046875
17.6552581787109375
17.6385498046875
17.6101531982421875
17.5704345703125
17.5193939208984375
17.457275390625
17.3842926025390625
17.3005218505859375
17.206329345703125
17.1016693115234375
16.986968994140625
16.8623199462890625
16.72802734375
16.584320068359375
16.4312896728515625
16.2693634033203125
16.098663330078125
15.919403076171875
15.7319488525390625
15.536529541015625
15.3333892822265625
15.12286376953125
14.905120849609375
14.6805572509765625
14.4493560791015625
14.211883544921875
13.96844482421875
13.719268798828125
13.4647216796875
13.205047607421875
12.94061279296875
12.671661376953125
12.3985748291015625
12.1216583251953125
11.8412017822265625
11.5575103759765625
11.27093505859375
10.9818572998046875
10.69049072265625
10.397186279296875
10.102386474609375
9.8062286376953125
9.5091552734375
9.2115631103515625
8.9135589599609375
8.6156463623046875
8.3181610107421875
8.0213470458984375
7.7255706787109375
7.431060791015625
7.138214111328125
6.84735107421875
6.558807373046875
6.27288818359375
5.9897918701171875
5.7099456787109375
5.43365478515625
5.1611480712890625
4.8928375244140625
4.6288604736328125
4.36956787109375
4.1153717041015625
3.8663330078125
3.6228485107421875
3.385223388671875
3.153656005859375
2.928436279296875
2.7098236083984375
2.49810791015625
2.293426513671875
2.0961151123046875
1.9063262939453125
1.7244110107421875
1.5504608154296875
1.3847198486328125
1.2274322509765625
1.0788421630859375
.9390106201171875
.8082275390625
.6866455078125
.5744171142578125
.471710205078125
.37872314453125
.295562744140625
.222381591796875
.1593475341796875
.1065521240234375
.0640869140625
.0321197509765625
.0107269287109375
0
