0
.0150299072265625
.030059814453125
.04510498046875
.06011962890625
.0751190185546875
.0900726318359375
.10498046875
.119873046875
.13470458984375
.1494903564453125
.1641998291015625
.1788330078125
.1934051513671875
.2079010009765625
.2223052978515625
.23663330078125
.2508392333984375
.2649688720703125
.2789764404296875
.292877197265625
.3066558837890625
.3202972412109375
.3338470458984375
.34722900390625
.3604736328125
.3735809326171875
.38653564453125
.3993377685546875
.4119873046875
.4244384765625
.436737060546875
.448883056640625
.4608306884765625
.47259521484375
.48419189453125
.4955902099609375
.50677490234375
.5177764892578125
.5285797119140625
.5391693115234375
.549560546875
.5597381591796875
.569671630859375
.5794219970703125
.5889434814453125
.598236083984375
.6072845458984375
.6161041259765625
.624725341796875
.633087158203125
.641204833984375
.64910888671875
.6567535400390625
.664154052734375
.6713104248046875
.678253173828125
.684906005859375
.69134521484375
.697509765625
.70343017578125
.7091064453125
.7145233154296875
.719696044921875
.7246246337890625
.7292938232421875
.73370361328125
.737884521484375
.741790771484375
.7454681396484375
.7488861083984375
.752044677734375
.754974365234375
.757659912109375
.7600860595703125
.7622528076171875
.7642059326171875
.765899658203125
.767364501953125
.7685699462890625
.7695770263671875
.77032470703125
.7708587646484375
.771148681640625
.7712249755859375
.77105712890625
.7706756591796875
.7700958251953125
.769287109375
.7682647705078125
.76702880859375
.7656097412109375
.76397705078125
.76214599609375
.7601165771484375
.757904052734375
.7554931640625
.7529144287109375
.750152587890625
.747222900390625
.7441253662109375
.7408447265625
.7374114990234375
.73382568359375
.7300872802734375
.7261962890625
.72216796875
.7180023193359375
.7136993408203125
.709259033203125
.7047119140625
.700042724609375
.6952667236328125
.6903533935546875
.68536376953125
.680267333984375
.67510986328125
.6698150634765625
.664459228515625
.659027099609375
.653533935546875
.64794921875
.6423187255859375
.6366119384765625
.630889892578125
.625091552734375
.6192779541015625
.6134185791015625
.6075286865234375
.6016082763671875
.595672607421875
.5897369384765625
.5837554931640625
.57781982421875
.5718536376953125
.56591796875
.559967041015625
.554046630859375
.5481414794921875
.5422821044921875
.53643798828125
.530609130859375
.5248565673828125
.519134521484375
.513458251953125
.507843017578125
.502288818359375
.4967803955078125
.491363525390625
.4860076904296875
.480743408203125
.475555419921875
.470428466796875
.4654083251953125
.4604644775390625
.45562744140625
.450897216796875
.4462432861328125
.4417266845703125
.43731689453125
.4329833984375
.4287872314453125
.4246978759765625
.4207763671875
.41693115234375
.4132080078125
.409637451171875
.40618896484375
.4028778076171875
.399688720703125
.396636962890625
.39373779296875
.390960693359375
.3883514404296875
.3858795166015625
.383544921875
.38134765625
.3792877197265625
.37738037109375
.375640869140625
.374053955078125
.3726043701171875
.371307373046875
.3701629638671875
.3691558837890625
.3683013916015625
.36761474609375
.3670654296875
.3666534423828125
.3664093017578125
.366302490234375
.3663482666015625
.3665313720703125
.366851806640625
.367340087890625
.3679656982421875
.36871337890625
.3696136474609375
.3706512451171875
.3718414306640625
.373138427734375
.3745880126953125
.376129150390625
.3778228759765625
.3796539306640625
.3816070556640625
.3836669921875
.385833740234375
.38812255859375
.390533447265625
.3930511474609375
.395660400390625
.39837646484375
.40118408203125
.4040985107421875
.4071044921875
.4102020263671875
.4133758544921875
.4166107177734375
.4199371337890625
.42333984375
.42681884765625
.4303436279296875
.4339447021484375
.437591552734375
.4412994384765625
.445037841796875
.4488372802734375
.4526519775390625
.45654296875
.460418701171875
.4643402099609375
.468292236328125
.47222900390625
.4761962890625
.48016357421875
.484130859375
.4881134033203125
.492095947265625
.4960479736328125
.4999847412109375
.5038909912109375
.507781982421875
.5116424560546875
.515472412109375
.519256591796875
.522979736328125
.52667236328125
.530303955078125
.5338897705078125
.537384033203125
.54083251953125
.5442047119140625
.5475006103515625
.55072021484375
.5538482666015625
.556884765625
.5598297119140625
.5626678466796875
.565399169921875
.5680389404296875
.5705718994140625
.5729827880859375
.5752716064453125
.5774383544921875
.579498291015625
.5814056396484375
.58319091796875
.5848388671875
.586334228515625
.5876922607421875
.588897705078125
.5899658203125
.59088134765625
.591644287109375
.5922393798828125
.5926666259765625
.5929412841796875
.593048095703125
.5929718017578125
.5927581787109375
.5923309326171875
.5917510986328125
.5909881591796875
.590057373046875
.5889434814453125
.587646484375
.586151123046875
.5844879150390625
.5826263427734375
.580596923828125
.5783538818359375
.5759429931640625
.573333740234375
.570526123046875
.5675506591796875
.5643768310546875
.5610198974609375
.557464599609375
.5537261962890625
.5497894287109375
.545654296875
.541351318359375
.5368499755859375
.53216552734375
.52728271484375
.5222320556640625
.5169830322265625
.511566162109375
.505950927734375
.50018310546875
.494232177734375
.4880828857421875
.481781005859375
.475311279296875
.468658447265625
.46185302734375
.454864501953125
.4477386474609375
.4404449462890625
.4329833984375
.425384521484375
.4176483154296875
.4097442626953125
.401702880859375
.393524169921875
.3852081298828125
.3767547607421875
.368194580078125
.3594970703125
.350677490234375
.3417510986328125
.33270263671875
.3235626220703125
.314300537109375
.304962158203125
.295501708984375
.285980224609375
.2763519287109375
.26666259765625
.2568817138671875
.2470245361328125
.2371368408203125
.227142333984375
.217132568359375
.207061767578125
.1969451904296875
.186767578125
.1765899658203125
.1663665771484375
.1561279296875
.1458587646484375
.1355743408203125
.1252899169921875
.1150054931640625
.104736328125
.094451904296875
.0841827392578125
.0739288330078125
.063720703125
.053558349609375
.04339599609375
.033294677734375
.0232391357421875
.013214111328125
.003265380859375
-.006622314453125
-.0164337158203125
-.0261688232421875
-.03582763671875
-.04541015625
-.054901123046875
-.0642852783203125
-.0735931396484375
-.082763671875
-.09185791015625
-.1008148193359375
-.109649658203125
-.1183624267578125
-.126953125
-.135406494140625
-.143707275390625
-.151885986328125
-.1598968505859375
-.167755126953125
-.17547607421875
-.1830291748046875
-.190399169921875
-.1976318359375
-.2046661376953125
-.211517333984375
-.2181854248046875
-.224700927734375
-.2310028076171875
-.2371063232421875
-.2430419921875
-.2487640380859375
-.2542724609375
-.2595977783203125
-.26470947265625
-.269622802734375
-.2743072509765625
-.278778076171875
-.283050537109375
-.2870941162109375
-.2909088134765625
-.2945098876953125
-.297882080078125
-.301025390625
-.303955078125
-.3066558837890625
-.3090972900390625
-.31134033203125
-.313323974609375
-.315093994140625
-.3166351318359375
-.3179473876953125
-.319000244140625
-.3198394775390625
-.3204345703125
-.3207855224609375
-.3209228515625
-.320831298828125
-.32049560546875
-.319915771484375
-.3191070556640625
-.318084716796875
-.3168182373046875
-.315338134765625
-.313629150390625
-.31170654296875
-.309539794921875
-.3071441650390625
-.3045501708984375
-.301727294921875
-.2986907958984375
-.2954559326171875
-.2919921875
-.2883453369140625
-.28448486328125
-.280426025390625
-.2761383056640625
-.2716827392578125
-.26702880859375
-.2621917724609375
-.257171630859375
-.251953125
-.2465667724609375
-.24102783203125
-.23529052734375
-.229400634765625
-.223358154296875
-.2171478271484375
-.210784912109375
-.2042694091796875
-.1976318359375
-.190826416015625
-.1839141845703125
-.1768646240234375
-.1696929931640625
-.1623992919921875
-.1549835205078125
-.1474761962890625
-.1398468017578125
-.13214111328125
-.1243438720703125
-.1164398193359375
-.1084747314453125
-.100433349609375
-.0923004150390625
-.0841217041015625
-.07586669921875
-.067596435546875
-.059234619140625
-.0508575439453125
-.0424346923828125
-.03399658203125
-.0255126953125
-.01702880859375
-.0085296630859375
-.000030517578125
.00848388671875
.0169830322265625
.0254669189453125
.0339508056640625
.042388916015625
.050811767578125
.0591888427734375
.0675506591796875
.0758209228515625
.084075927734375
.092254638671875
.1003875732421875
.108428955078125
.11639404296875
.124298095703125
.1320953369140625
.139801025390625
.147430419921875
.154937744140625
.1623382568359375
.169647216796875
.17681884765625
.183868408203125
.1907806396484375
.1975860595703125
.2042236328125
.2107391357421875
.21710205078125
.2233123779296875
.2293548583984375
.2352447509765625
.2409820556640625
.24652099609375
.2519073486328125
.2571258544921875
.26214599609375
.2669830322265625
.271636962890625
.276092529296875
.280364990234375
.2844390869140625
.288299560546875
.2919464111328125
.29541015625
.29864501953125
.3016815185546875
.30450439453125
.307098388671875
.3094940185546875
.3116607666015625
.3135833740234375
.3152923583984375
.3167724609375
.3180389404296875
.319061279296875
.3198699951171875
.3204498291015625
.3207855224609375
.3208770751953125
.3207550048828125
.3203887939453125
.319793701171875
.3189544677734375
.317901611328125
.31658935546875
.3150482177734375
.3132781982421875
.3112945556640625
.309051513671875
.306610107421875
.3039093017578125
.3009796142578125
.2978363037109375
.294464111328125
.290863037109375
.28704833984375
.2830047607421875
.2787322998046875
.274261474609375
.26959228515625
.2646636962890625
.259552001953125
.2542266845703125
.24871826171875
.2429962158203125
.237060546875
.23095703125
.2246551513671875
.2181396484375
.2114715576171875
.204620361328125
.1975860595703125
.1903533935546875
.1829833984375
.1754302978515625
.1677093505859375
.15985107421875
.1518402099609375
.1436614990234375
.1353759765625
.1269073486328125
.118316650390625
.1096038818359375
.10076904296875
.0918121337890625
.0827178955078125
.07354736328125
.064239501953125
.0548553466796875
.0453643798828125
.0357818603515625
.026123046875
.016387939453125
.0065765380859375
-.0033111572265625
-.0132598876953125
-.023284912109375
-.0333404541015625
-.0434417724609375
-.0535736083984375
-.0637664794921875
-.073974609375
-.084228515625
-.0944976806640625
-.1047821044921875
-.11505126953125
-.125335693359375
-.1356201171875
-.145904541015625
-.1561737060546875
-.166412353515625
-.1766357421875
-.1868133544921875
-.196990966796875
-.2071075439453125
-.2171783447265625
-.2271881103515625
-.2371826171875
-.2470703125
-.2569122314453125
-.2667083740234375
-.276397705078125
-.2860260009765625
-.2955474853515625
-.3050079345703125
-.3143463134765625
-.3236083984375
-.3327484130859375
-.341796875
-.3507232666015625
-.3595428466796875
-.3682403564453125
-.376800537109375
-.38525390625
-.3935699462890625
-.4017486572265625
-.4097900390625
-.417694091796875
-.4254302978515625
-.4330291748046875
-.44049072265625
-.447784423828125
-.4549102783203125
-.4618988037109375
-.4687042236328125
-.4753570556640625
-.4818267822265625
-.488128662109375
-.4942779541015625
-.5002288818359375
-.5059967041015625
-.5116119384765625
-.51702880859375
-.52227783203125
-.5273284912109375
-.5322113037109375
-.536895751953125
-.5413970947265625
-.5457000732421875
-.5498199462890625
-.55377197265625
-.5575103759765625
-.561065673828125
-.564422607421875
-.567596435546875
-.5705718994140625
-.5733795166015625
-.57598876953125
-.578399658203125
-.5806427001953125
-.582672119140625
-.58453369140625
-.5861968994140625
-.5876922607421875
-.5889892578125
-.5901031494140625
-.591033935546875
-.591796875
-.592376708984375
-.5927886962890625
-.593017578125
-.5930938720703125
-.592987060546875
-.59271240234375
-.59228515625
-.5916900634765625
-.5909271240234375
-.5900115966796875
-.5889434814453125
-.587738037109375
-.5863800048828125
-.5848846435546875
-.5832366943359375
-.581451416015625
-.5795440673828125
-.577484130859375
-.5753173828125
-.573028564453125
-.57061767578125
-.5680999755859375
-.5654449462890625
-.562713623046875
-.55987548828125
-.5569305419921875
-.55389404296875
-.5507659912109375
-.54754638671875
-.54425048828125
-.5408782958984375
-.5374298095703125
-.533935546875
-.5303497314453125
-.5267181396484375
-.5230255126953125
-.5193023681640625
-.5155181884765625
-.511688232421875
-.5078277587890625
-.503936767578125
-.5000152587890625
-.49609375
-.4921417236328125
-.4881591796875
-.4841766357421875
-.4802093505859375
-.4762420654296875
-.4722747802734375
-.4683380126953125
-.464385986328125
-.4604644775390625
-.4565887451171875
-.45269775390625
-.448883056640625
-.4450836181640625
-.44134521484375
-.4376373291015625
-.433990478515625
-.430389404296875
-.4268646240234375
-.42340087890625
-.41998291015625
-.416656494140625
-.413421630859375
-.410247802734375
-.4071502685546875
-.404144287109375
-.4012298583984375
-.3984222412109375
-.3957061767578125
-.393096923828125
-.3905792236328125
-.3881683349609375
-.3858795166015625
-.3837127685546875
-.38165283203125
-.37969970703125
-.37786865234375
-.3761749267578125
-.3746337890625
-.3731689453125
-.37188720703125
-.370697021484375
-.369659423828125
-.3687591552734375
-.368011474609375
-.3673858642578125
-.3668975830078125
-.3665771484375
-.36639404296875
-.3663482666015625
-.366455078125
-.36669921875
-.3671112060546875
-.3676605224609375
-.36834716796875
-.36920166015625
-.370208740234375
-.3713531494140625
-.372650146484375
-.37408447265625
-.3756866455078125
-.3774261474609375
-.37933349609375
-.3813934326171875
-.3835906982421875
-.38592529296875
-.388397216796875
-.3910064697265625
-.3937835693359375
-.3966827392578125
-.3997344970703125
-.402923583984375
-.4062347412109375
-.4096832275390625
-.4132537841796875
-.4169769287109375
-.4208221435546875
-.42474365234375
-.4288330078125
-.4330291748046875
-.4373626708984375
-.4417724609375
-.4462890625
-.4509429931640625
-.4556732177734375
-.46051025390625
-.4654541015625
-.4704742431640625
-.4756011962890625
-.4807891845703125
-.486053466796875
-.4914093017578125
-.496826171875
-.5023345947265625
-.5078887939453125
-.5135040283203125
-.5191802978515625
-.52490234375
-.5306549072265625
-.536468505859375
-.542327880859375
-.548187255859375
-.5540924072265625
-.5600128173828125
-.5659637451171875
-.5718994140625
-.5778656005859375
-.58380126953125
-.58978271484375
-.5957183837890625
-.601654052734375
-.607574462890625
-.61346435546875
-.61932373046875
-.6251373291015625
-.6309356689453125
-.63665771484375
-.642364501953125
-.6479949951171875
-.6535491943359375
-.6590728759765625
-.6645050048828125
-.66986083984375
-.6751556396484375
-.6803131103515625
-.6854095458984375
-.690399169921875
-.6953125
-.7000885009765625
-.7047576904296875
-.7093048095703125
-.7137451171875
-.718048095703125
-.7222137451171875
-.7262420654296875
-.730133056640625
-.7338714599609375
-.737457275390625
-.7408905029296875
-.7441558837890625
-.7472686767578125
-.7501983642578125
-.752960205078125
-.7555389404296875
-.7579498291015625
-.760162353515625
-.7621917724609375
-.7640228271484375
-.765655517578125
-.7670745849609375
-.768310546875
-.7693328857421875
-.7701416015625
-.770721435546875
-.7711029052734375
-.771270751953125
-.7711944580078125
-.770904541015625
-.7703704833984375
-.7696380615234375
-.76861572265625
-.7674102783203125
-.7659454345703125
-.764251708984375
-.762298583984375
-.7601318359375
-.7577056884765625
-.7550201416015625
-.7520904541015625
-.748931884765625
-.745513916015625
-.7418365478515625
-.7379302978515625
-.7337493896484375
-.729339599609375
-.72467041015625
-.7197418212890625
-.714569091796875
-.7091522216796875
-.703460693359375
-.6975555419921875
-.6913909912109375
-.6849517822265625
-.6782989501953125
-.671356201171875
-.6641998291015625
-.65679931640625
-.6491546630859375
-.6412506103515625
-.6331329345703125
-.6247711181640625
-.61614990234375
-.607330322265625
-.5982818603515625
-.5889892578125
-.5794677734375
-.5697174072265625
-.559783935546875
-.5496063232421875
-.5392303466796875
-.52862548828125
-.517822265625
-.5068206787109375
-.495635986328125
-.4842376708984375
-.4726409912109375
-.46087646484375
-.4489288330078125
-.4367828369140625
-.4244842529296875
-.4120330810546875
-.399383544921875
-.3865814208984375
-.373626708984375
-.3605194091796875
-.3472747802734375
-.333892822265625
-.320343017578125
-.30670166015625
-.292938232421875
-.279022216796875
-.2650146484375
-.250885009765625
-.2366790771484375
-.22235107421875
-.20794677734375
-.193450927734375
-.1788787841796875
-.16424560546875
-.1495361328125
-.1347503662109375
-.1199188232421875
-.1050262451171875
-.090118408203125
-.075164794921875
-.0601654052734375
-.0451507568359375
-.0301055908203125
-.01507568359375
-.0000457763671875
.0150299072265625
.030059814453125
.04510498046875
.06011962890625
.0751190185546875
.0900726318359375
.10498046875
.119873046875
.13470458984375
.1494903564453125
.1641998291015625
.1788330078125
.1934051513671875
.2079010009765625
.2223052978515625
.23663330078125
.2508392333984375
.2649688720703125
.2789764404296875
.292877197265625
.3066558837890625
.3202972412109375
.3338470458984375
.34722900390625
.3604736328125
.3735809326171875
.38653564453125
.3993377685546875
.4119873046875
.4244384765625
.436737060546875
.448883056640625
.4608306884765625
.47259521484375
.48419189453125
.4955902099609375
.50677490234375
.5177764892578125
.5285797119140625
.5391693115234375
.549560546875
.5597381591796875
.569671630859375
.5794219970703125
.5889434814453125
.598236083984375
.6072845458984375
.6161041259765625
.624725341796875
.633087158203125
.641204833984375
.64910888671875
.6567535400390625
.664154052734375
.6713104248046875
.678253173828125
.684906005859375
.69134521484375
.697509765625
.70343017578125
.7091064453125
.7145233154296875
.719696044921875
