0
0
.0000457763671875
.0001068115234375
.0001678466796875
.0002288818359375
.0002899169921875
.0003509521484375
.000396728515625
.000457763671875
.000518798828125
.000579833984375
.000640869140625
.0006866455078125
.0007476806640625
.0008087158203125
.0008544921875
.00091552734375
.0009765625
.0010223388671875
.0010833740234375
.001129150390625
.001190185546875
.0012359619140625
.0012969970703125
.0013427734375
.00140380859375
.0014495849609375
.001495361328125
.001556396484375
.0016021728515625
.00164794921875
.0016937255859375
.001739501953125
.0017852783203125
.0018310546875
.0018768310546875
.001922607421875
.0019683837890625
.00201416015625
.0020599365234375
.002105712890625
.00213623046875
.0021820068359375
.0022125244140625
.00225830078125
.002288818359375
.0023345947265625
.0023651123046875
.0023956298828125
.0024261474609375
.002471923828125
.00250244140625
.002532958984375
.0025634765625
.002593994140625
.0026092529296875
.0026397705078125
.0026702880859375
.002685546875
.002716064453125
.00274658203125
.0027618408203125
.002777099609375
.0028076171875
.0028228759765625
.002838134765625
.0028533935546875
.00286865234375
.0028839111328125
.002899169921875
.0029144287109375
.0029296875
.0029449462890625
.0029449462890625
.002960205078125
.0029754638671875
.0029754638671875
.00299072265625
.00299072265625
.00299072265625
.0030059814453125
.0030059814453125
.0030059814453125
.0030059814453125
.0030059814453125
.0030059814453125
.0030059814453125
.0030059814453125
.00299072265625
.00299072265625
.00299072265625
.0029754638671875
.0029754638671875
.0029754638671875
.002960205078125
.002960205078125
.0029449462890625
.0029296875
.0029296875
.0029144287109375
.002899169921875
.0028839111328125
.00286865234375
.0028533935546875
.002838134765625
.0028228759765625
.0028076171875
.0027923583984375
.002777099609375
.0027618408203125
.00274658203125
.0027313232421875
.0027008056640625
.002685546875
.0026702880859375
.002655029296875
.00262451171875
.0026092529296875
.002593994140625
.0025634765625
.0025482177734375
.0025177001953125
.00250244140625
.002471923828125
.0024566650390625
.00244140625
.002410888671875
.0023956298828125
.0023651123046875
.002349853515625
.0023193359375
.002288818359375
.0022735595703125
.0022430419921875
.002227783203125
.002197265625
.0021820068359375
.0021514892578125
.00213623046875
.002105712890625
.0020904541015625
.0020599365234375
.002044677734375
.00201416015625
.0019989013671875
.001983642578125
.001953125
.0019378662109375
.0019073486328125
.00189208984375
.0018768310546875
.0018463134765625
.0018310546875
.0018157958984375
.0017852783203125
.00177001953125
.0017547607421875
.001739501953125
.0017242431640625
.0016937255859375
.001678466796875
.0016632080078125
.00164794921875
.0016326904296875
.001617431640625
.0016021728515625
.0015869140625
.0015716552734375
.0015716552734375
.001556396484375
.0015411376953125
.00152587890625
.00152587890625
.0015106201171875
.001495361328125
.001495361328125
.0014801025390625
.0014801025390625
.00146484375
.00146484375
.0014495849609375
.0014495849609375
.0014495849609375
.001434326171875
.001434326171875
.001434326171875
.001434326171875
.0014190673828125
.0014190673828125
.0014190673828125
.0014190673828125
.0014190673828125
.0014190673828125
.0014190673828125
.001434326171875
.001434326171875
.001434326171875
.001434326171875
.001434326171875
.0014495849609375
.0014495849609375
.0014495849609375
.00146484375
.00146484375
.0014801025390625
.0014801025390625
.001495361328125
.001495361328125
.0015106201171875
.0015106201171875
.00152587890625
.0015411376953125
.0015411376953125
.001556396484375
.0015716552734375
.0015869140625
.0016021728515625
.0016021728515625
.001617431640625
.0016326904296875
.00164794921875
.0016632080078125
.001678466796875
.0016937255859375
.001708984375
.001708984375
.0017242431640625
.001739501953125
.0017547607421875
.00177001953125
.0017852783203125
.001800537109375
.0018157958984375
.0018310546875
.0018463134765625
.001861572265625
.0018768310546875
.00189208984375
.0019073486328125
.001922607421875
.0019378662109375
.001953125
.0019683837890625
.001983642578125
.0019989013671875
.00201416015625
.0020294189453125
.002044677734375
.0020599365234375
.0020751953125
.0020904541015625
.002105712890625
.0021209716796875
.00213623046875
.00213623046875
.0021514892578125
.002166748046875
.0021820068359375
.002197265625
.002197265625
.0022125244140625
.002227783203125
.002227783203125
.0022430419921875
.0022430419921875
.00225830078125
.00225830078125
.0022735595703125
.0022735595703125
.002288818359375
.002288818359375
.002288818359375
.0023040771484375
.0023040771484375
.0023040771484375
.0023040771484375
.0023040771484375
.0023040771484375
.0023040771484375
.0023040771484375
.0023040771484375
.0023040771484375
.0023040771484375
.0023040771484375
.0023040771484375
.002288818359375
.002288818359375
.002288818359375
.0022735595703125
.0022735595703125
.00225830078125
.00225830078125
.0022430419921875
.002227783203125
.002227783203125
.0022125244140625
.002197265625
.0021820068359375
.002166748046875
.0021514892578125
.00213623046875
.0021209716796875
.002105712890625
.0020904541015625
.0020751953125
.002044677734375
.0020294189453125
.00201416015625
.001983642578125
.0019683837890625
.001953125
.001922607421875
.00189208984375
.0018768310546875
.0018463134765625
.0018157958984375
.001800537109375
.00177001953125
.001739501953125
.001708984375
.001678466796875
.00164794921875
.001617431640625
.0015869140625
.001556396484375
.00152587890625
.001495361328125
.00146484375
.001434326171875
.00140380859375
.0013580322265625
.0013275146484375
.0012969970703125
.001251220703125
.001220703125
.001190185546875
.0011444091796875
.0011138916015625
.001068115234375
.00103759765625
.0009918212890625
.0009613037109375
.00091552734375
.000885009765625
.0008392333984375
.0008087158203125
.000762939453125
.0007171630859375
.0006866455078125
.000640869140625
.0005950927734375
.0005645751953125
.000518798828125
.00048828125
.0004425048828125
.000396728515625
.0003662109375
.0003204345703125
.000274658203125
.000244140625
.0001983642578125
.0001678466796875
.0001220703125
.0000762939453125
.0000457763671875
0
-.000030517578125
-.0000762939453125
-.0001068115234375
-.000152587890625
-.00018310546875
-.0002288818359375
-.0002593994140625
-.0002899169921875
-.000335693359375
-.0003662109375
-.000396728515625
-.0004425048828125
-.0004730224609375
-.0005035400390625
-.0005340576171875
-.0005645751953125
-.0005950927734375
-.0006256103515625
-.0006561279296875
-.0006866455078125
-.0007171630859375
-.0007476806640625
-.0007781982421875
-.0008087158203125
-.0008392333984375
-.0008544921875
-.000885009765625
-.00091552734375
-.0009307861328125
-.0009613037109375
-.0009765625
-.001007080078125
-.0010223388671875
-.00103759765625
-.001068115234375
-.0010833740234375
-.0010986328125
-.0011138916015625
-.001129150390625
-.0011444091796875
-.00115966796875
-.0011749267578125
-.001190185546875
-.001190185546875
-.0012054443359375
-.001220703125
-.001220703125
-.0012359619140625
-.0012359619140625
-.001251220703125
-.001251220703125
-.001251220703125
-.001251220703125
-.0012664794921875
-.0012664794921875
-.0012664794921875
-.0012664794921875
-.0012664794921875
-.001251220703125
-.001251220703125
-.001251220703125
-.001251220703125
-.0012359619140625
-.0012359619140625
-.001220703125
-.001220703125
-.0012054443359375
-.001190185546875
-.001190185546875
-.0011749267578125
-.00115966796875
-.0011444091796875
-.001129150390625
-.0011138916015625
-.0010986328125
-.0010833740234375
-.001068115234375
-.0010528564453125
-.00103759765625
-.001007080078125
-.0009918212890625
-.0009765625
-.000946044921875
-.0009307861328125
-.0009002685546875
-.000885009765625
-.0008544921875
-.000823974609375
-.0008087158203125
-.0007781982421875
-.0007476806640625
-.000732421875
-.000701904296875
-.00067138671875
-.000640869140625
-.0006103515625
-.000579833984375
-.00054931640625
-.000518798828125
-.00048828125
-.000457763671875
-.00042724609375
-.000396728515625
-.0003662109375
-.000335693359375
-.00030517578125
-.000274658203125
-.000244140625
-.000213623046875
-.0001678466796875
-.0001373291015625
-.0001068115234375
-.0000762939453125
-.0000457763671875
-.0000152587890625
.000030517578125
.00006103515625
.000091552734375
.0001220703125
.000152587890625
.0001983642578125
.0002288818359375
.0002593994140625
.0002899169921875
.0003204345703125
.0003509521484375
.0003814697265625
.0004119873046875
.0004425048828125
.0004730224609375
.0005035400390625
.0005340576171875
.0005645751953125
.0005950927734375
.0006256103515625
.0006561279296875
.0006866455078125
.0007171630859375
.000732421875
.000762939453125
.00079345703125
.0008087158203125
.0008392333984375
.0008697509765625
.000885009765625
.00091552734375
.0009307861328125
.0009613037109375
.0009765625
.0009918212890625
.0010223388671875
.00103759765625
.0010528564453125
.001068115234375
.0010833740234375
.0010986328125
.0011138916015625
.001129150390625
.0011444091796875
.00115966796875
.0011749267578125
.0011749267578125
.001190185546875
.0012054443359375
.0012054443359375
.001220703125
.001220703125
.0012359619140625
.0012359619140625
.0012359619140625
.0012359619140625
.001251220703125
.001251220703125
.001251220703125
.001251220703125
.001251220703125
.0012359619140625
.0012359619140625
.0012359619140625
.0012359619140625
.001220703125
.001220703125
.0012054443359375
.0012054443359375
.001190185546875
.0011749267578125
.0011749267578125
.00115966796875
.0011444091796875
.001129150390625
.0011138916015625
.0010986328125
.0010833740234375
.001068115234375
.0010528564453125
.0010223388671875
.001007080078125
.0009918212890625
.0009613037109375
.000946044921875
.00091552734375
.0009002685546875
.0008697509765625
.0008392333984375
.000823974609375
.00079345703125
.000762939453125
.000732421875
.000701904296875
.00067138671875
.000640869140625
.0006103515625
.000579833984375
.00054931640625
.000518798828125
.00048828125
.000457763671875
.00042724609375
.0003814697265625
.0003509521484375
.0003204345703125
.000274658203125
.000244140625
.000213623046875
.0001678466796875
.0001373291015625
.000091552734375
.00006103515625
.0000152587890625
-.0000152587890625
-.00006103515625
-.000091552734375
-.0001373291015625
-.00018310546875
-.000213623046875
-.0002593994140625
-.0002899169921875
-.000335693359375
-.0003814697265625
-.0004119873046875
-.000457763671875
-.0005035400390625
-.0005340576171875
-.000579833984375
-.0006103515625
-.0006561279296875
-.000701904296875
-.000732421875
-.0007781982421875
-.000823974609375
-.0008544921875
-.0009002685546875
-.0009307861328125
-.0009765625
-.001007080078125
-.0010528564453125
-.0010833740234375
-.001129150390625
-.00115966796875
-.0012054443359375
-.0012359619140625
-.0012664794921875
-.001312255859375
-.0013427734375
-.001373291015625
-.0014190673828125
-.0014495849609375
-.0014801025390625
-.0015106201171875
-.0015411376953125
-.0015716552734375
-.0016021728515625
-.0016326904296875
-.0016632080078125
-.0016937255859375
-.0017242431640625
-.0017547607421875
-.0017852783203125
-.0018157958984375
-.0018310546875
-.001861572265625
-.00189208984375
-.0019073486328125
-.0019378662109375
-.0019683837890625
-.001983642578125
-.0019989013671875
-.0020294189453125
-.002044677734375
-.0020599365234375
-.0020904541015625
-.002105712890625
-.0021209716796875
-.00213623046875
-.0021514892578125
-.002166748046875
-.0021820068359375
-.002197265625
-.0022125244140625
-.002227783203125
-.0022430419921875
-.0022430419921875
-.00225830078125
-.0022735595703125
-.0022735595703125
-.002288818359375
-.002288818359375
-.0023040771484375
-.0023040771484375
-.0023040771484375
-.0023193359375
-.0023193359375
-.0023193359375
-.0023193359375
-.0023193359375
-.0023193359375
-.0023193359375
-.0023193359375
-.0023193359375
-.0023193359375
-.0023193359375
-.0023193359375
-.0023193359375
-.0023040771484375
-.0023040771484375
-.0023040771484375
-.002288818359375
-.002288818359375
-.0022735595703125
-.0022735595703125
-.00225830078125
-.00225830078125
-.0022430419921875
-.0022430419921875
-.002227783203125
-.0022125244140625
-.0022125244140625
-.002197265625
-.0021820068359375
-.002166748046875
-.0021514892578125
-.0021514892578125
-.00213623046875
-.0021209716796875
-.002105712890625
-.0020904541015625
-.0020751953125
-.0020599365234375
-.002044677734375
-.0020294189453125
-.00201416015625
-.0019989013671875
-.0019989013671875
-.001983642578125
-.0019683837890625
-.001953125
-.001922607421875
-.0019073486328125
-.00189208984375
-.0018768310546875
-.001861572265625
-.0018463134765625
-.0018310546875
-.0018157958984375
-.001800537109375
-.0017852783203125
-.00177001953125
-.0017547607421875
-.001739501953125
-.0017242431640625
-.0017242431640625
-.001708984375
-.0016937255859375
-.001678466796875
-.0016632080078125
-.00164794921875
-.0016326904296875
-.001617431640625
-.001617431640625
-.0016021728515625
-.0015869140625
-.0015716552734375
-.001556396484375
-.001556396484375
-.0015411376953125
-.00152587890625
-.00152587890625
-.0015106201171875
-.0015106201171875
-.001495361328125
-.001495361328125
-.0014801025390625
-.0014801025390625
-.00146484375
-.00146484375
-.00146484375
-.0014495849609375
-.0014495849609375
-.0014495849609375
-.0014495849609375
-.0014495849609375
-.001434326171875
-.001434326171875
-.001434326171875
-.001434326171875
-.001434326171875
-.001434326171875
-.001434326171875
-.0014495849609375
-.0014495849609375
-.0014495849609375
-.0014495849609375
-.00146484375
-.00146484375
-.00146484375
-.0014801025390625
-.0014801025390625
-.001495361328125
-.001495361328125
-.0015106201171875
-.0015106201171875
-.00152587890625
-.0015411376953125
-.0015411376953125
-.001556396484375
-.0015716552734375
-.0015869140625
-.0015869140625
-.0016021728515625
-.001617431640625
-.0016326904296875
-.00164794921875
-.0016632080078125
-.001678466796875
-.0016937255859375
-.001708984375
-.001739501953125
-.0017547607421875
-.00177001953125
-.0017852783203125
-.001800537109375
-.0018310546875
-.0018463134765625
-.001861572265625
-.00189208984375
-.0019073486328125
-.001922607421875
-.001953125
-.0019683837890625
-.0019989013671875
-.00201416015625
-.0020294189453125
-.0020599365234375
-.0020751953125
-.002105712890625
-.0021209716796875
-.0021514892578125
-.002166748046875
-.002197265625
-.0022125244140625
-.0022430419921875
-.00225830078125
-.002288818359375
-.0023040771484375
-.0023345947265625
-.0023651123046875
-.00238037109375
-.002410888671875
-.0024261474609375
-.0024566650390625
-.002471923828125
-.0024871826171875
-.0025177001953125
-.002532958984375
-.0025634765625
-.0025787353515625
-.0026092529296875
-.00262451171875
-.0026397705078125
-.0026702880859375
-.002685546875
-.0027008056640625
-.0027313232421875
-.00274658203125
-.0027618408203125
-.002777099609375
-.0027923583984375
-.0028076171875
-.0028228759765625
-.002838134765625
-.0028533935546875
-.00286865234375
-.0028839111328125
-.002899169921875
-.0029144287109375
-.0029296875
-.0029449462890625
-.0029449462890625
-.002960205078125
-.0029754638671875
-.0029754638671875
-.00299072265625
-.00299072265625
-.0030059814453125
-.0030059814453125
-.0030059814453125
-.0030059814453125
-.003021240234375
-.003021240234375
-.003021240234375
-.003021240234375
-.003021240234375
-.003021240234375
-.003021240234375
-.003021240234375
-.0030059814453125
-.0030059814453125
-.0030059814453125
-.00299072265625
-.00299072265625
-.0029754638671875
-.002960205078125
-.002960205078125
-.0029449462890625
-.0029296875
-.0029144287109375
-.002899169921875
-.0028839111328125
-.00286865234375
-.0028533935546875
-.002838134765625
-.0028228759765625
-.0027923583984375
-.002777099609375
-.0027618408203125
-.0027313232421875
-.0027008056640625
-.002685546875
-.002655029296875
-.00262451171875
-.0026092529296875
-.0025787353515625
-.0025482177734375
-.0025177001953125
-.0024871826171875
-.00244140625
-.002410888671875
-.00238037109375
-.002349853515625
-.0023040771484375
-.0022735595703125
-.002227783203125
-.002197265625
-.0021514892578125
-.0021209716796875
-.0020751953125
-.0020294189453125
-.001983642578125
-.0019378662109375
-.00189208984375
-.0018463134765625
-.001800537109375
-.0017547607421875
-.001708984375
-.0016632080078125
-.001617431640625
-.0015716552734375
-.0015106201171875
-.00146484375
-.0014190673828125
-.0013580322265625
-.001312255859375
-.0012664794921875
-.0012054443359375
-.0011444091796875
-.0010986328125
-.00103759765625
-.0009918212890625
-.0009307861328125
-.0008697509765625
-.000823974609375
-.000762939453125
-.000701904296875
-.0006561279296875
-.0005950927734375
-.0005340576171875
-.0004730224609375
-.0004119873046875
-.0003662109375
-.00030517578125
-.000244140625
-.00018310546875
-.0001220703125
-.00006103515625
-.0000152587890625
.0000457763671875
.0001068115234375
.0001678466796875
.0002288818359375
.0002899169921875
.0003509521484375
.000396728515625
.000457763671875
.000518798828125
.000579833984375
.000640869140625
.0006866455078125
.0007476806640625
.0008087158203125
.0008544921875
.00091552734375
.0009765625
.0010223388671875
.0010833740234375
.001129150390625
.001190185546875
.0012359619140625
.0012969970703125
.0013427734375
.00140380859375
.0014495849609375
.001495361328125
.001556396484375
.0016021728515625
.00164794921875
.0016937255859375
.001739501953125
.0017852783203125
.0018310546875
.0018768310546875
.001922607421875
.0019683837890625
.00201416015625
.0020599365234375
.002105712890625
.00213623046875
.0021820068359375
.0022125244140625
.00225830078125
.002288818359375
.0023345947265625
.0023651123046875
.0023956298828125
.0024261474609375
.002471923828125
.00250244140625
.002532958984375
.0025634765625
.002593994140625
.0026092529296875
.0026397705078125
.0026702880859375
.002685546875
.002716064453125
.00274658203125
.0027618408203125
.0027618408203125
.0027618408203125
.0027618408203125
.0027618408203125
.0027618408203125
.0027618408203125
.0027618408203125
.0027618408203125
.0027618408203125
.0027618408203125
.0027618408203125
.0027618408203125
.0027618408203125
.0027618408203125
.0027618408203125
.0027618408203125
.0027618408203125
.0027618408203125
.0027618408203125
.0027618408203125
.0027618408203125
.0027618408203125
.0027618408203125
.0027618408203125
.0027618408203125
.0027618408203125
.0027618408203125
.0027618408203125
.0027618408203125
.0027618408203125
.0027618408203125
.0027618408203125
.0027618408203125
.0027618408203125
.0027618408203125
.0027618408203125
.0027618408203125
.0027618408203125
.0027618408203125
.0027618408203125
.0027618408203125
.0027618408203125
.0027618408203125
.0027618408203125
.0027618408203125
.0027618408203125
.0027618408203125
.0027618408203125
.0027618408203125
.0027618408203125
.0027618408203125
.0027618408203125
.0027618408203125
.0027618408203125
.0027618408203125
.0027618408203125
.0027618408203125
.0027618408203125
.0027618408203125
.0027618408203125
.0027618408203125
.0027618408203125
.0027618408203125
.0027618408203125
.0027618408203125
.0027618408203125
.0027618408203125
.0027618408203125
.0027618408203125
.0027618408203125
.0027618408203125
.0027618408203125
.0027618408203125
.0027618408203125
.0027618408203125
.0027618408203125
.0027618408203125
.0027618408203125
.0027618408203125
.0027618408203125
.0027618408203125
.0027618408203125
.0027618408203125
.0027618408203125
.0027618408203125
.0027618408203125
.0027618408203125
.0027618408203125
.0027618408203125
.0027618408203125
.0027618408203125
.0027618408203125
.0027618408203125
.0027618408203125
.0027618408203125
.0027618408203125
.0027618408203125
.0027618408203125
.0027618408203125
.0027618408203125
.0027618408203125
.0027618408203125
.0027618408203125
.0027618408203125
.0027618408203125
.0027618408203125
.0027618408203125
.0027618408203125
.0027618408203125
.0027618408203125
.0027618408203125
.0027618408203125
.0027618408203125
.0027618408203125
.0027618408203125
.0027618408203125
.0027618408203125
.0027618408203125
.0027618408203125
.0027618408203125
.0027618408203125
.0027618408203125
.0027618408203125
.0027618408203125
.0027618408203125
.0027618408203125
.0027618408203125
.0027618408203125
.0027618408203125
.0027618408203125
.0027618408203125
.0027618408203125
.0027618408203125
.0027618408203125
.0027618408203125
.0027618408203125
.0027618408203125
.0027618408203125
.0027618408203125
.0027618408203125
.0027618408203125
.0027618408203125
.0027618408203125
.0027618408203125
.0027618408203125
.0027618408203125
.0027618408203125
.0027618408203125
.0027618408203125
.0027618408203125
.0027618408203125
.0027618408203125
.0027618408203125
.0027618408203125
.0027618408203125
.0027618408203125
.0027618408203125
.0027618408203125
.0027618408203125
.0027618408203125
.0027618408203125
.0027618408203125
.0027618408203125
.0027618408203125
.0027618408203125
.0027618408203125
.0027618408203125
.0027618408203125
.0027618408203125
.0027618408203125
.0027618408203125
.0027618408203125
.0027618408203125
.0027618408203125
.0027618408203125
.0027618408203125
.0027618408203125
.0027618408203125
.0027618408203125
.0027618408203125
.0027618408203125
.0027618408203125
.0027618408203125
.0027618408203125
.0027618408203125
.0027618408203125
.0027618408203125
.0027618408203125
.0027618408203125
.0027618408203125
.0027618408203125
.0027618408203125
.0027618408203125
.0027618408203125
.0027618408203125
.0027618408203125
.0027618408203125
.0027618408203125
.0027618408203125
.0027618408203125
.0027618408203125
.0027618408203125
.0027618408203125
.0027618408203125
.0027618408203125
.0027618408203125
.0027618408203125
.0027618408203125
.0027618408203125
.0027618408203125
.0027618408203125
.0027618408203125
.0027618408203125
.0027618408203125
.0027618408203125
.0027618408203125
.0027618408203125
.0027618408203125
.0027618408203125
.0027618408203125
.0027618408203125
.0027618408203125
.0027618408203125
.0027618408203125
.0027618408203125
.0027618408203125
.0027618408203125
.0027618408203125
.0027618408203125
.0027618408203125
.0027618408203125
.0027618408203125
.0027618408203125
.0027618408203125
.0027618408203125
.0027618408203125
.0027618408203125
.0027618408203125
.0027618408203125
.0027618408203125
.0027618408203125
.0027618408203125
.0027618408203125
.0027618408203125
.0027618408203125
.0027618408203125
.0027618408203125
.0027618408203125
.0027618408203125
.0027618408203125
.0027618408203125
.0027618408203125
.0027618408203125
.0027618408203125
.0027618408203125
.0027618408203125
.0027618408203125
.0027618408203125
.0027618408203125
.0027618408203125
.0027618408203125
.0027618408203125
.0027618408203125
.0027618408203125
.0027618408203125
.0027618408203125
.0027618408203125
.0027618408203125
.0027618408203125
.0027618408203125
.0027618408203125
.0027618408203125
.0027618408203125
.0027618408203125
.0027618408203125
.0027618408203125
.0027618408203125
.0027618408203125
.0027618408203125
.0027618408203125
.0027618408203125
.0027618408203125
.0027618408203125
.0027618408203125
.0027618408203125
.0027618408203125
.0027618408203125
.0027618408203125
.0027618408203125
.0027618408203125
.0027618408203125
.0027618408203125
.0027618408203125
.0027618408203125
.0027618408203125
.0027618408203125
.0027618408203125
.0027618408203125
.0027618408203125
.0027618408203125
.0027618408203125
.0027618408203125
.0027618408203125
.0027618408203125
.0027618408203125
.0027618408203125
.0027618408203125
.0027618408203125
.0027618408203125
.0027618408203125
.0027618408203125
.0027618408203125
.0027618408203125
.0027618408203125
.0027618408203125
.0027618408203125
.0027618408203125
.0027618408203125
.0027618408203125
.0027618408203125
.0027618408203125
.0027618408203125
.0027618408203125
.0027618408203125
.0027618408203125
.0027618408203125
.0027618408203125
.0027618408203125
.0027618408203125
.0027618408203125
.0027618408203125
.0027618408203125
.0027618408203125
.0027618408203125
.0027618408203125
.0027618408203125
.0027618408203125
.0027618408203125
.0027618408203125
.0027618408203125
.0027618408203125
.0027618408203125
.0027618408203125
.0027618408203125
.0027618408203125
.0027618408203125
.0027618408203125
.0027618408203125
.0027618408203125
.0027618408203125
.0027618408203125
.0027618408203125
.0027618408203125
.0027618408203125
.0027618408203125
.0027618408203125
.0027618408203125
.0027618408203125
.0027618408203125
.0027618408203125
.0027618408203125
.0027618408203125
.0027618408203125
.0027618408203125
.0027618408203125
.0027618408203125
.0027618408203125
.0027618408203125
.0027618408203125
.0027618408203125
.0027618408203125
.0027618408203125
.0027618408203125
.0027618408203125
.0027618408203125
.0027618408203125
.0027618408203125
.0027618408203125
.0027618408203125
.0027618408203125
.0027618408203125
.0027618408203125
.0027618408203125
.0027618408203125
.0027618408203125
.0027618408203125
.0027618408203125
.0027618408203125
.0027618408203125
.0027618408203125
.0027618408203125
.0027618408203125
.0027618408203125
.0027618408203125
.0027618408203125
.0027618408203125
.0027618408203125
.0027618408203125
.0027618408203125
.0027618408203125
.0027618408203125
.0027618408203125
.0027618408203125
.0027618408203125
.0027618408203125
.0027618408203125
.0027618408203125
.0027618408203125
.0027618408203125
.0027618408203125
.0027618408203125
.0027618408203125
.0027618408203125
.0027618408203125
.0027618408203125
.0027618408203125
.0027618408203125
.0027618408203125
.0027618408203125
.0027618408203125
.0027618408203125
.0027618408203125
.0027618408203125
.0027618408203125
.0027618408203125
.0027618408203125
.0027618408203125
.0027618408203125
.0027618408203125
.0027618408203125
.0027618408203125
.0027618408203125
.0027618408203125
.0027618408203125
.0027618408203125
.0027618408203125
.0027618408203125
.0027618408203125
.0027618408203125
.0027618408203125
.0027618408203125
.0027618408203125
.0027618408203125
.0027618408203125
.0027618408203125
.0027618408203125
.0027618408203125
.0027618408203125
.0027618408203125
.0027618408203125
.0027618408203125
.0027618408203125
.0027618408203125
.0027618408203125
.0027618408203125
.0027618408203125
.0027618408203125
.0027618408203125
.0027618408203125
.0027618408203125
.0027618408203125
.0027618408203125
.0027618408203125
.0027618408203125
.0027618408203125
.0027618408203125
.0027618408203125
.0027618408203125
.0027618408203125
.0027618408203125
.0027618408203125
.0027618408203125
.0027618408203125
.0027618408203125
.0027618408203125
.0027618408203125
.0027618408203125
.0027618408203125
.0027618408203125
.0027618408203125
.0027618408203125
.0027618408203125
.0027618408203125
.0027618408203125
.0027618408203125
.0027618408203125
.0027618408203125
.0027618408203125
.0027618408203125
.0027618408203125
.0027618408203125
.0027618408203125
.0027618408203125
.0027618408203125
.0027618408203125
.0027618408203125
.0027618408203125
.0027618408203125
.0027618408203125
.0027618408203125
.0027618408203125
.0027618408203125
.0027618408203125
.0027618408203125
.0027618408203125
.0027618408203125
.0027618408203125
.0027618408203125
.0027618408203125
.0027618408203125
.0027618408203125
.0027618408203125
.0027618408203125
.0027618408203125
.0027618408203125
.0027618408203125
.0027618408203125
.0027618408203125
.0027618408203125
.0027618408203125
.0027618408203125
.0027618408203125
.0027618408203125
.0027618408203125
.0027618408203125
.0027618408203125
.0027618408203125
.0027618408203125
.0027618408203125
.0027618408203125
.0027618408203125
.0027618408203125
.0027618408203125
.0027618408203125
.0027618408203125
.0027618408203125
.0027618408203125
.0027618408203125
.0027618408203125
.0027618408203125
.0027618408203125
.0027618408203125
.0027618408203125
.0027618408203125
.0027618408203125
.0027618408203125
.0027618408203125
.0027618408203125
.0027618408203125
.0027618408203125
.0027618408203125
.0027618408203125
.0027618408203125
.0027618408203125
.0027618408203125
.0027618408203125
.0027618408203125
.0027618408203125
.0027618408203125
.0027618408203125
.0027618408203125
.0027618408203125
.0027618408203125
.0027618408203125
.0027618408203125
.0027618408203125
.0027618408203125
.0027618408203125
.0027618408203125
.0027618408203125
.0027618408203125
.0027618408203125
.0027618408203125
.0027618408203125
.0027618408203125
.0027618408203125
.0027618408203125
.0027618408203125
.0027618408203125
.0027618408203125
.0027618408203125
.0027618408203125
.0027618408203125
.0027618408203125
.0027618408203125
.0027618408203125
.0027618408203125
.0027618408203125
.0027618408203125
.0027618408203125
.0027618408203125
.0027618408203125
.0027618408203125
.0027618408203125
.0027618408203125
.0027618408203125
.0027618408203125
.0027618408203125
.0027618408203125
.0027618408203125
.0027618408203125
.0027618408203125
.0027618408203125
.0027618408203125
.0027618408203125
.0027618408203125
.0027618408203125
.0027618408203125
.0027618408203125
.0027618408203125
.0027618408203125
.0027618408203125
.0027618408203125
.0027618408203125
.0027618408203125
.0027618408203125
.0027618408203125
.0027618408203125
.0027618408203125
.0027618408203125
.0027618408203125
.0027618408203125
.0027618408203125
.0027618408203125
.0027618408203125
.0027618408203125
.0027618408203125
.0027618408203125
.0027618408203125
.0027618408203125
.0027618408203125
.0027618408203125
.0027618408203125
.0027618408203125
.0027618408203125
.0027618408203125
.0027618408203125
.0027618408203125
.0027618408203125
.0027618408203125
.0027618408203125
.0027618408203125
.0027618408203125
.0027618408203125
.0027618408203125
.0027618408203125
.0027618408203125
.0027618408203125
.0027618408203125
.0027618408203125
.0027618408203125
.0027618408203125
.0027618408203125
.0027618408203125
.0027618408203125
.0027618408203125
.0027618408203125
.0027618408203125
.0027618408203125
.0027618408203125
.0027618408203125
.0027618408203125
.0027618408203125
.0027618408203125
.0027618408203125
.0027618408203125
.0027618408203125
.0027618408203125
.0027618408203125
.0027618408203125
.0027618408203125
.0027618408203125
.0027618408203125
.0027618408203125
.0027618408203125
.0027618408203125
.0027618408203125
.0027618408203125
.0027618408203125
.0027618408203125
.0027618408203125
.0027618408203125
.0027618408203125
.0027618408203125
.0027618408203125
.0027618408203125
.0027618408203125
.0027618408203125
.0027618408203125
.0027618408203125
.0027618408203125
.0027618408203125
.0027618408203125
.0027618408203125
.0027618408203125
.0027618408203125
.0027618408203125
.0027618408203125
.0027618408203125
.0027618408203125
.0027618408203125
.0027618408203125
.0027618408203125
.0027618408203125
.0027618408203125
.0027618408203125
.0027618408203125
.0027618408203125
.0027618408203125
.0027618408203125
.0027618408203125
.0027618408203125
.0027618408203125
.0027618408203125
.0027618408203125
.0027618408203125
.0027618408203125
.0027618408203125
.0027618408203125
.0027618408203125
.0027618408203125
.0027618408203125
.0027618408203125
.0027618408203125
.0027618408203125
.0027618408203125
.0027618408203125
.0027618408203125
.0027618408203125
.0027618408203125
.0027618408203125
.0027618408203125
.0027618408203125
