0
1
0.999884
0.999537
0.998959
0.998153
0.99712
0.99586
0.994377
0.992672
0.990747
0.988604
0.986245
0.983674
0.980892
0.977903
0.974709
0.971314
0.96772
0.96393
0.959949
0.955779
0.951424
0.946888
0.942174
0.937287
0.932229
0.927006
0.921622
0.91608
0.910384
0.90454
0.898551
0.892422
0.886157
0.879761
0.873238
0.866594
0.859831
0.852957
0.845974
0.838888
0.831703
0.824424
0.817057
0.809605
0.802073
0.794467
0.786791
0.77905
0.771249
0.763392
0.755484
0.74753
0.739534
0.731502
0.723438
0.715346
0.707232
0.699099
0.690953
0.682797
0.674637
0.666477
0.65832
0.650172
0.642037
0.633919
0.625822
0.617751
0.609708
0.6017
0.593729
0.585799
0.577915
0.57008
0.562298
0.554573
0.546908
0.539306
0.531773
0.52431
0.516921
0.50961
0.50238
0.495234
0.488176
0.481207
0.474332
0.467553
0.460873
0.454295
0.447821
0.441455
0.435198
0.429054
0.423024
0.417111
0.411318
0.405645
0.400096
0.394673
0.389377
0.38421
0.379175
0.374272
0.369503
0.36487
0.360374
0.356017
0.3518
0.347723
0.343789
0.339997
0.336349
0.332846
0.329488
0.326276
0.32321
0.320291
0.317519
0.314894
0.312416
0.310085
0.307902
0.305865
0.303974
0.30223
0.300631
0.299177
0.297866
0.296699
0.295673
0.294789
0.294044
0.293438
0.292969
0.292634
0.292434
0.292365
0.292426
0.292616
0.29293
0.293369
0.293929
0.294607
0.295402
0.29631
0.297329
0.298456
0.299688
0.301021
0.302453
0.303981
0.305601
0.307309
0.309102
0.310977
0.312929
0.314955
0.317051
0.319213
0.321438
0.32372
0.326056
0.328442
0.330874
0.333346
0.335855
0.338397
0.340966
0.343559
0.346172
0.348798
0.351435
0.354077
0.35672
0.359359
0.36199
0.364608
0.367209
0.369788
0.37234
0.374862
0.377348
0.379794
0.382197
0.38455
0.386851
0.389095
0.391277
0.393394
0.395441
0.397415
0.399311
0.401126
0.402855
0.404495
0.406043
0.407495
0.408847
0.410095
0.411238
0.412271
0.413191
0.413996
0.414683
0.415248
0.415689
0.416003
0.416189
0.416243
0.416164
0.415949
0.415596
0.415103
0.414469
0.413692
0.412771
0.411703
0.410487
0.409123
0.40761
0.405945
0.404129
0.40216
0.400038
0.397763
0.395333
0.392749
0.390011
0.387118
0.38407
0.380867
0.377511
0.374
0.370336
0.366518
0.362549
0.358427
0.354155
0.349733
0.345162
0.340443
0.335578
0.330568
0.325415
0.320119
0.314682
0.309107
0.303394
0.297547
0.291566
0.285454
0.279213
0.272846
0.266354
0.25974
0.253006
0.246156
0.239191
0.232115
0.22493
0.217639
0.210245
0.202751
0.195161
0.187477
0.179702
0.171841
0.163897
0.155872
0.147771
0.139596
0.131353
0.123044
0.114674
0.106246
0.0977642
0.0892325
0.0806552
0.0720362
0.0633798
0.0546902
0.0459716
0.0372285
0.0284651
0.0196859
0.0108953
0.0020979
-0.00670181
-0.0154993
-0.0242898
-0.0330689
-0.0418317
-0.0505736
-0.05929
-0.067976
-0.0766269
-0.0852379
-0.0938043
-0.102321
-0.110784
-0.119188
-0.127528
-0.135799
-0.143998
-0.152118
-0.160155
-0.168105
-0.175963
-0.183724
-0.191384
-0.198938
-0.206382
-0.213711
-0.220921
-0.228007
-0.234965
-0.241791
-0.248481
-0.255031
-0.261437
-0.267695
-0.2738
-0.279751
-0.285542
-0.29117
-0.296633
-0.301926
-0.307047
-0.311992
-0.316759
-0.321345
-0.325747
-0.329963
-0.33399
-0.337826
-0.341469
-0.344917
-0.348169
-0.351222
-0.354075
-0.356727
-0.359177
-0.361423
-0.363465
-0.365303
-0.366935
-0.368362
-0.369582
-0.370597
-0.371407
-0.372011
-0.372411
-0.372606
-0.372599
-0.372389
-0.371978
-0.371368
-0.37056
-0.369556
-0.368358
-0.366967
-0.365386
-0.363618
-0.361664
-0.359528
-0.357212
-0.35472
-0.352054
-0.349218
-0.346216
-0.34305
-0.339725
-0.336244
-0.332611
-0.328831
-0.324908
-0.320845
-0.316648
-0.312321
-0.307869
-0.303297
-0.298608
-0.293809
-0.288904
-0.283899
-0.278798
-0.273608
-0.268332
-0.262978
-0.257549
-0.252053
-0.246493
-0.240877
-0.235209
-0.229495
-0.223742
-0.217954
-0.212138
-0.206299
-0.200443
-0.194577
-0.188705
-0.182834
-0.17697
-0.171118
-0.165284
-0.159473
-0.153693
-0.147948
-0.142243
-0.136586
-0.130981
-0.125433
-0.119949
-0.114534
-0.109194
-0.103932
-0.0987561
-0.09367
-0.0886791
-0.0837886
-0.0790035
-0.0743286
-0.0697689
-0.065329
-0.0610136
-0.0568272
-0.0527744
-0.0488595
-0.0450867
-0.0414603
-0.0379842
-0.0346624
-0.0314988
-0.028497
-0.0256607
-0.0229933
-0.0204982
-0.0181787
-0.0160378
-0.0140785
-0.0123038
-0.0107163
-0.00931867
-0.00811333
-0.00710264
-0.00628882
-0.00567391
-0.00525986
-0.00504847
-0.00504138
-0.00524011
-0.00564605
-0.00626043
-0.00708434
-0.00811875
-0.00936446
-0.0108221
-0.0124923
-0.0143754
-0.0164717
-0.0187812
-0.0213039
-0.0240396
-0.026988
-0.0301487
-0.033521
-0.0371043
-0.0408975
-0.0448998
-0.0491099
-0.0535266
-0.0581484
-0.0629737
-0.0680009
-0.0732281
-0.0786534
-0.0842747
-0.0900897
-0.0960961
-0.102291
-0.108673
-0.115238
-0.121984
-0.128908
-0.136007
-0.143277
-0.150715
-0.158318
-0.166083
-0.174005
-0.182081
-0.190307
-0.198679
-0.207194
-0.215846
-0.224632
-0.233548
-0.242588
-0.25175
-0.261027
-0.270416
-0.279911
-0.289508
-0.299203
-0.308989
-0.318863
-0.328819
-0.338852
-0.348957
-0.359129
-0.369362
-0.379652
-0.389992
-0.400378
-0.410805
-0.421266
-0.431757
-0.442272
-0.452805
-0.463351
-0.473905
-0.484462
-0.495014
-0.505559
-0.516088
-0.526599
-0.537084
-0.547538
-0.557957
-0.568334
-0.578665
-0.588943
-0.599165
-0.609324
-0.619416
-0.629435
-0.639376
-0.649234
-0.659005
-0.668683
-0.678264
-0.687742
-0.697114
-0.706375
-0.715519
-0.724544
-0.733443
-0.742214
-0.750851
-0.759352
-0.767711
-0.775926
-0.783991
-0.791905
-0.799663
-0.807261
-0.814697
-0.821967
-0.829068
-0.835998
-0.842753
-0.84933
-0.855728
-0.861944
-0.867975
-0.873819
-0.879474
-0.884938
-0.89021
-0.895287
-0.900169
-0.904854
-0.90934
-0.913626
-0.917713
-0.921597
-0.92528
-0.92876
-0.932037
-0.935111
-0.937981
-0.940648
-0.943111
-0.945371
-0.947429
-0.949284
-0.950937
-0.952389
-0.953642
-0.954695
-0.955551
-0.95621
-0.956674
-0.956944
-0.957023
-0.956911
-0.956611
-0.956124
-0.955453
-0.9546
-0.953567
-0.952356
-0.950971
-0.949414
-0.947686
-0.945792
-0.943734
-0.941516
-0.939139
-0.936607
-0.933924
-0.931093
-0.928117
-0.924999
-0.921744
-0.918354
-0.914833
-0.911186
-0.907415
-0.903525
-0.899519
-0.895401
-0.891176
-0.886846
-0.882417
-0.877892
-0.873276
-0.868572
-0.863785
-0.858918
-0.853976
-0.848964
-0.843884
-0.838743
-0.833543
-0.828289
-0.822985
-0.817635
-0.812244
-0.806816
-0.801355
-0.795865
-0.790351
-0.784816
-0.779265
-0.773701
-0.76813
-0.762554
-0.756978
-0.751406
-0.745842
-0.74029
-0.734753
-0.729236
-0.723742
-0.718275
-0.712839
-0.707438
-0.702074
-0.696752
-0.691474
-0.686246
-0.681069
-0.675947
-0.670883
-0.665881
-0.660944
-0.656074
-0.651275
-0.64655
-0.641901
-0.637332
-0.632844
-0.628441
-0.624125
-0.619898
-0.615763
-0.611723
-0.607779
-0.603934
-0.600189
-0.596547
-0.59301
-0.589578
-0.586255
-0.583042
-0.579939
-0.57695
-0.574074
-0.571314
-0.56867
-0.566143
-0.563735
-0.561446
-0.559277
-0.557229
-0.555303
-0.553498
-0.551815
-0.550255
-0.548817
-0.547503
-0.54631
-0.54524
-0.544293
-0.543467
-0.542763
-0.542179
-0.541716
-0.541372
-0.541146
-0.541038
-0.541046
-0.541169
-0.541405
-0.541754
-0.542214
-0.542782
-0.543457
-0.544238
-0.545122
-0.546106
-0.54719
-0.548369
-0.549643
-0.551008
-0.552462
-0.554001
-0.555623
-0.557326
-0.559105
-0.560957
-0.56288
-0.56487
-0.566923
-0.569036
-0.571204
-0.573425
-0.575695
-0.578009
-0.580363
-0.582753
-0.585176
-0.587627
-0.590101
-0.592594
-0.595103
-0.597621
-0.600146
-0.602672
-0.605194
-0.607708
-0.61021
-0.612695
-0.615158
-0.617594
-0.619998
-0.622367
-0.624695
-0.626977
-0.629209
-0.631387
-0.633505
-0.635559
-0.637544
-0.639457
-0.641292
-0.643046
-0.644713
-0.64629
-0.647772
-0.649155
-0.650436
-0.651611
-0.652674
-0.653624
-0.654456
-0.655166
-0.655752
-0.656209
-0.656535
-0.656727
-0.656781
-0.656696
-0.656467
-0.656092
-0.65557
-0.654897
-0.654072
-0.653092
-0.651956
-0.650661
-0.649206
-0.64759
-0.64581
-0.643866
-0.641757
-0.639481
-0.637037
-0.634426
-0.631645
-0.628695
-0.625575
-0.622284
-0.618823
-0.615192
-0.61139
-0.607417
-0.603273
-0.59896
-0.594477
-0.589824
-0.585003
-0.580013
-0.574856
-0.569532
-0.564041
-0.558386
-0.552566
-0.546583
-0.540438
-0.534132
-0.527665
-0.52104
-0.514257
-0.507317
-0.500222
-0.492972
-0.48557
-0.478017
-0.470313
-0.46246
-0.45446
-0.446314
-0.438023
-0.429588
-0.421011
-0.412293
-0.403436
-0.39444
-0.385308
-0.37604
-0.366637
-0.357102
-0.347435
-0.337637
-0.32771
-0.317655
-0.307473
-0.297165
-0.286733
-0.276177
-0.265499
-0.2547
-0.243781
-0.232743
-0.221586
-0.210313
-0.198924
-0.187421
-0.175803
-0.164073
-0.152231
-0.140278
-0.128216
-0.116044
-0.103765
-0.0913796
-0.0788882
-0.0662922
-0.0535927
-0.0407907
-0.0278873
-0.0148837
-0.00178107
0.0114194
0.0247164
0.0381088
0.051595
0.0651738
0.0788436
0.0926029
0.10645
0.120384
0.134401
0.148502
0.162683
0.176942
0.191277
0.205687
0.220168
0.234718
0.249334
0.264013
0.278752
0.293549
0.308398
0.323298
0.338244
0.353232
0.368258
0.383317
0.398404
0.413516
0.428646
0.443789
0.458939
0.47409
0.489237
0.504371
0.519486
0.534576
0.549631
0.564645
0.579609
0.594514
0.609351
0.62411
0.638783
0.653358
0.667824
0.682172
0.69639
0.710466
0.724387
0.738141
0.751715
0.765096
0.778271
0.791224
0.803942
0.81641
0.828612
0.840534
0.85216
0.863473
0.874458
0.885099
0.895377
0.905278
0.914783
0.923877
0.932542
0.940761
0.948517
0.955794
0.962575
0.968843
0.974583
0.979779
0.984414
0.988475
0.991946
0.994815
0.997066
0.998689
0.999671
1
0.999667
0.998663
0.996979
0.994608
0.991544
0.987782
0.983318
0.978149
0.972274
0.965693
0.958408
0.95042
0.941733
0.932354
0.922287
0.911542
0.900127
0.888053
0.875331
0.861975
0.847998
0.833416
0.818246
0.802505
0.786211
0.769383
0.752043
0.734211
0.715908
0.697158
0.677983
0.658407
0.638453
0.618145
0.597509
0.576568
0.555347
0.533871
0.512164
0.490251
0.468156
0.445903
0.423516
0.401017
0.37843
0.355776
0.333078
0.310357
0.287632
0.264925
0.242254
0.219637
0.197093
0.174638
0.152288
0.13006
0.107967
0.0860244
0.0642441
0.042639
0.0212207
0
