0.00333882
0.00333504
0.00333133
0.00332768
0.0033241
0.00332059
0.00331713
0.00331374
0.00331041
0.00330713
0.00330391
0.00330075
0.00329763
0.00329456
0.00329154
0.00328857
0.00328564
0.00328275
0.0032799
0.00327708
0.0032743
0.00327154
0.00326882
0.00326612
0.00326344
0.00326079
0.00325815
0.00325552
0.00325291
0.00325031
0.00324772
0.00324513
0.00324254
0.00323995
0.00323735
0.00323475
0.00323214
0.00322952
0.00322688
0.00322422
0.00322154
0.00321885
0.00321612
0.00321337
0.00321058
0.00320777
0.00320491
0.00320202
0.00319909
0.00319612
0.0031931
0.00319003
0.00318692
0.00318375
0.00318053
0.00317725
0.00317392
0.00317053
0.00316707
0.00316356
0.00315998
0.00315633
0.00315262
0.00314884
0.00314499
0.00314106
0.00313707
0.003133
0.00312886
0.00312464
0.00312035
0.00311598
0.00311154
0.00310702
0.00310242
0.00309774
0.00309298
0.00308815
0.00308323
0.00307824
0.00307317
0.00306803
0.0030628
0.0030575
0.00305213
0.00304667
0.00304114
0.00303554
0.00302987
0.00302412
0.0030183
0.00301241
0.00300645
0.00300042
0.00299433
0.00298818
0.00298196
0.00297567
0.00296933
0.00296293
0.00295648
0.00294996
0.0029434
0.00293679
0.00293012
0.00292341
0.00291666
0.00290986
0.00290302
0.00289615
0.00288924
0.00288229
0.00287532
0.00286832
0.00286129
0.00285423
0.00284716
0.00284006
0.00283296
0.00282583
0.0028187
0.00281155
0.0028044
0.00279725
0.0027901
0.00278294
0.00277579
0.00276865
0.00276151
0.00275439
0.00274728
0.00274018
0.00273311
0.00272605
0.00271902
0.00271201
0.00270503
0.00269808
0.00269116
0.00268428
0.00267743
0.00267062
0.00266384
0.00265712
0.00265043
0.00264379
0.0026372
0.00263066
0.00262416
0.00261772
0.00261134
0.00260501
0.00259873
0.00259252
0.00258636
0.00258026
0.00257423
0.00256826
0.00256235
0.0025565
0.00255072
0.00254501
0.00253936
0.00253379
0.00252827
0.00252283
0.00251746
0.00251215
0.00250692
0.00250175
0.00249665
0.00249162
0.00248667
0.00248178
0.00247696
0.00247221
0.00246753
0.00246292
0.00245837
0.00245389
0.00244948
0.00244514
0.00244086
0.00243664
0.00243249
0.0024284
0.00242438
0.00242041
0.00241651
0.00241266
0.00240887
0.00240514
0.00240146
0.00239783
0.00239426
0.00239074
0.00238727
0.00238385
0.00238048
0.00237715
0.00237386
0.00237062
0.00236742
0.00236425
0.00236112
0.00235803
0.00235498
0.00235195
0.00234896
0.00234599
0.00234306
0.00234014
0.00233725
0.00233439
0.00233154
0.00232871
0.0023259
0.0023231
0.00232032
0.00231755
0.00231479
0.00231203
0.00230928
0.00230654
0.0023038
0.00230106
0.00229832
0.00229558
0.00229284
0.00229009
0.00228733
0.00228457
0.0022818
0.00227901
0.00227622
0.00227341
0.00227059
0.00226775
0.00226489
0.00226202
0.00225912
0.00225621
0.00225327
0.00225031
0.00224733
0.00224432
0.00224129
0.00223823
0.00223515
0.00223204
0.0022289
0.00222573
0.00222253
0.0022193
0.00221604
0.00221275
0.00220943
0.00220608
0.0022027
0.00219929
0.00219584
0.00219236
0.00218885
0.00218531
0.00218174
0.00217814
0.0021745
0.00217083
0.00216714
0.00216341
0.00215965
0.00215586
0.00215204
0.0021482
0.00214433
0.00214042
0.0021365
0.00213254
0.00212856
0.00212456
0.00212053
0.00211648
0.00211241
0.00210831
0.0021042
0.00210007
0.00209592
0.00209175
0.00208757
0.00208337
0.00207916
0.00207494
0.0020707
0.00206646
0.0020622
0.00205794
0.00205368
0.00204941
0.00204513
0.00204085
0.00203657
0.0020323
0.00202802
0.00202375
0.00201948
0.00201521
0.00201096
0.00200671
0.00200247
0.00199825
0.00199403
0.00198983
0.00198565
0.00198148
0.00197733
0.0019732
0.00196909
0.001965
0.00196093
0.00195689
0.00195287
0.00194888
0.00194492
0.00194098
0.00193708
0.0019332
0.00192936
0.00192555
0.00192177
0.00191803
0.00191433
0.00191066
0.00190703
0.00190343
0.00189988
0.00189636
0.00189289
0.00188946
0.00188606
0.00188271
0.00187941
0.00187614
0.00187292
0.00186975
0.00186662
0.00186353
0.00186049
0.0018575
0.00185455
0.00185165
0.00184879
0.00184598
0.00184322
0.0018405
0.00183783
0.00183521
0.00183263
0.0018301
0.00182762
0.00182518
0.00182278
0.00182044
0.00181813
0.00181588
0.00181366
0.0018115
0.00180937
0.00180729
0.00180525
0.00180325
0.0018013
0.00179938
0.00179751
0.00179568
0.00179388
0.00179213
0.00179041
0.00178873
0.00178709
0.00178548
0.00178391
0.00178237
0.00178087
0.0017794
0.00177796
0.00177655
0.00177518
0.00177383
0.00177251
0.00177122
0.00176996
0.00176873
0.00176752
0.00176633
0.00176517
0.00176403
0.00176291
0.00176182
0.00176074
0.00175969
0.00175865
0.00175764
0.00175664
0.00175565
0.00175469
0.00175373
0.0017528
0.00175187
0.00175096
0.00175006
0.00174917
0.0017483
0.00174743
0.00174657
0.00174572
0.00174488
0.00174405
0.00174323
0.00174241
0.0017416
0.00174079
0.00173999
0.00173919
0.0017384
0.00173761
0.00173682
0.00173604
0.00173526
0.00173448
0.0017337
0.00173293
0.00173215
0.00173138
0.00173061
0.00172984
0.00172906
0.00172829
0.00172752
0.00172675
0.00172598
0.0017252
0.00172443
0.00172366
0.00172288
0.0017221
0.00172133
0.00172055
0.00171977
0.00171899
0.00171821
0.00171742
0.00171664
0.00171586
0.00171507
0.00171428
0.00171349
0.00171271
0.00171192
0.00171113
0.00171033
0.00170954
0.00170875
0.00170796
0.00170716
0.00170637
0.00170558
0.00170478
0.00170399
0.00170319
0.0017024
0.0017016
0.00170081
0.00170002
0.00169922
0.00169843
0.00169764
0.00169685
0.00169606
0.00169527
0.00169448
0.00169369
0.00169291
0.00169212
0.00169134
0.00169055
0.00168977
0.00168899
0.00168821
0.00168743
0.00168665
0.00168588
0.0016851
0.00168433
0.00168355
0.00168278
0.00168201
0.00168124
0.00168047
0.0016797
0.00167894
0.00167817
0.00167741
0.00167664
0.00167588
0.00167512
0.00167436
0.00167359
0.00167283
0.00167207
0.00167131
0.00167055
0.00166979
0.00166903
0.00166827
0.00166751
0.00166675
0.00166599
0.00166522
0.00166446
0.0016637
0.00166294
0.00166217
0.00166141
0.00166065
0.00165988
0.00165911
0.00165834
0.00165758
0.00165681
0.00165604
0.00165526
0.00165449
0.00165372
0.00165294
0.00165216
0.00165139
0.00165061
0.00164983
0.00164905
0.00164826
0.00164748
0.0016467
0.00164591
0.00164512
0.00164434
0.00164355
0.00164276
0.00164197
0.00164118
0.00164039
0.00163959
0.0016388
0.00163801
0.00163721
0.00163642
0.00163563
0.00163483
0.00163404
0.00163324
0.00163245
0.00163165
0.00163086
0.00163007
0.00162928
0.00162848
0.00162769
0.0016269
0.00162611
0.00162532
0.00162454
0.00162375
0.00162296
0.00162218
0.00162139
0.00162061
0.00161983
0.00161905
0.00161827
0.00161749
0.00161671
0.00161594
0.00161516
0.00161439
0.00161361
0.00161284
0.00161207
0.0016113
0.00161052
0.00160975
0.00160898
0.00160821
0.00160744
0.00160667
0.00160589
0.00160512
0.00160434
0.00160356
0.00160278
0.001602
0.00160121
0.00160042
0.00159963
0.00159883
0.00159803
0.00159722
0.00159641
0.00159559
0.00159477
0.00159393
0.00159309
0.00159225
0.00159139
0.00159052
0.00158964
0.00158876
0.00158786
0.00158695
0.00158602
0.00158508
0.00158413
0.00158316
0.00158218
0.00158118
0.00158016
0.00157913
0.00157807
0.001577
0.0015759
0.00157479
0.00157365
0.00157249
0.0015713
0.00157009
0.00156885
0.00156759
0.0015663
0.00156499
0.00156364
0.00156226
0.00156086
0.00155942
0.00155795
0.00155644
0.00155491
0.00155333
0.00155173
0.00155008
0.00154841
0.00154669
0.00154493
0.00154314
0.00154131
0.00153943
0.00153752
0.00153556
0.00153357
0.00153153
0.00152945
0.00152732
0.00152515
0.00152294
0.00152068
0.00151838
0.00151603
0.00151364
0.0015112
0.00150872
0.00150618
0.00150361
0.00150098
0.00149831
0.0014956
0.00149283
0.00149002
0.00148717
0.00148427
0.00148132
0.00147832
0.00147528
0.0014722
0.00146907
0.00146589
0.00146267
0.00145941
0.0014561
0.00145275
0.00144936
0.00144593
0.00144245
0.00143894
0.00143538
0.00143179
0.00142816
0.00142449
0.00142078
0.00141704
0.00141327
0.00140946
0.00140561
0.00140174
0.00139783
0.0013939
0.00138994
0.00138594
0.00138193
0.00137788
0.00137382
0.00136973
0.00136562
0.00136149
0.00135734
0.00135317
0.00134898
0.00134478
0.00134057
0.00133634
0.00133211
0.00132786
0.0013236
0.00131934
0.00131507
0.0013108
0.00130652
0.00130224
0.00129797
0.00129369
0.00128941
0.00128514
0.00128087
0.00127661
0.00127236
0.00126812
0.00126388
0.00125966
0.00125545
0.00125125
0.00124707
0.0012429
0.00123875
0.00123462
0.0012305
0.00122641
0.00122234
0.00121829
0.00121426
0.00121026
0.00120628
0.00120232
0.00119839
0.00119449
0.00119062
0.00118677
0.00118296
0.00117917
0.00117541
0.00117168
0.00116798
0.00116432
0.00116068
0.00115708
0.0011535
0.00114996
0.00114645
0.00114298
0.00113953
0.00113612
0.00113274
0.00112938
0.00112606
0.00112278
0.00111952
0.00111629
0.00111309
0.00110992
0.00110678
0.00110367
0.00110058
0.00109753
0.00109449
0.00109149
0.00108851
0.00108555
0.00108261
0.0010797
0.0010768
0.00107393
0.00107107
0.00106823
0.00106541
0.0010626
0.0010598
0.00105702
0.00105425
0.00105149
0.00104873
0.00104598
0.00104324
0.0010405
0.00103776
0.00103502
0.00103228
0.00102953
0.00102679
0.00102403
0.00102127
0.0010185
0.00101571
0.00101292
0.00101011
0.00100728
0.00100443
0.00100156
0.000998674
0.000995761
0.000992823
0.000989859
0.000986865
0.00098384
0.000980784
0.000977693
0.000974567
0.000971403
0.0009682
0.000964956
0.000961671
0.000958341
0.000954966
0.000951544
0.000948074
0.000944554
0.000940983
0.000937359
0.000933682
0.000929949
0.00092616
0.000922312
0.000918407
0.000914441
0.000910415
0.000906327
0.000902176
0.000897961
0.000893681
0.000889336
0.000884925
0.000880448
0.000875902
0.000871289
0.000866608
0.000861858
0.000857039
0.000852151
0.000847193
0.000842166
0.000837069
0.000831902
0.000826666
0.000821361
0.000815987
0.000810544
0.000805032
0.000799453
0.000793807
0.000788094
0.000782315
0.000776471
0.000770562
0.00076459
0.000758555
0.000752458
0.000746301
0.000740085
0.000733811
0.00072748
0.000721094
0.000714654
0.000708162
0.000701619
0.000695027
0.000688387
0.000681702
0.000674973
0.000668202
0.000661391
0.000654542
0.000647658
0.000640738
0.000633788
0.000626808
0.0006198
0.000612766
0.000605711
0.000598635
0.00059154
0.000584429
0.000577305
0.00057017
0.000563026
0.000555876
0.000548722
0.000541567
0.000534413
0.000527264
0.00052012
0.000512986
0.000505862
0.000498753
0.000491659
0.000484585
0.000477532
0.000470502
0.000463499
0.000456524
0.00044958
0.000442669
0.000435794
0.000428957
0.00042216
0.000415405
0.000408695
0.000402032
0.000395417
0.000388853
0.000382342
0.000375886
0.000369485
0.000363144
0.000356862
0.000350642
0.000344485
0.000338393
0.000332367
0.000326409
0.000320519
0.0003147
0.000308952
0.000303276
0.000297674
0.000292145
0.000286692
0.000281315
0.000276014
0.000270789
0.000265643
0.000260574
0.000255583
0.000250671
0.000245836
0.000241079
0.000236401
0.000231801
0.000227279
0.000222834
0.000218465
0.000214173
0.000209957
0.000205816
0.000201748
0.000197754
0.000193832
0.00018998
0.000186198
0.000182485
0.000178839
0.000175259
0.000171743
0.00016829
0.000164897
0.000161564
0.000158288
0.000155068
0.000151901
0.000148785
0.000145718
0.0001427
0.000139726
0.000136795
0.000133904
0.000131052
0.000128234
0.000125451
0.000122698
0.000119973
0.000117273
0.000114597
0.000111941
0.000109302
0.000106678
0.000104067
0.000101466
9.88711e-05
9.62806e-05
9.36915e-05
9.1101e-05
8.85064e-05
8.59047e-05
8.32938e-05
8.06702e-05
7.80313e-05
7.53752e-05
7.2699e-05
6.99996e-05
6.72746e-05
6.45216e-05
6.17378e-05
5.89206e-05
5.60679e-05
5.31771e-05
5.02462e-05
4.72725e-05
4.42537e-05
4.11873e-05
3.80715e-05
3.49046e-05
3.16841e-05
2.84081e-05
2.50749e-05
2.16826e-05
1.82292e-05
1.4713e-05
1.1133e-05
7.4869e-06
3.77512e-06
