-2147483648
2147246468
2146489450
2145236438
2143495204
2141259148
2138535262
2135334242
2131623978
2127445448
2122792622
2117683110
2112114914
2106080898
2099604914
2092689334
2085321336
2077542582
2069349180
2060717676
2051699696
2042284050
2032469286
2022267124
2011720560
2000793562
1989502452
1977885744
1965924214
1953629590
1941020426
1928116202
1914902486
1901408592
1887634222
1873599432
1859295560
1844753420
1829978180
1814969488
1799754780
1784336306
1768708284
1752911532
1736928648
1720795102
1704489766
1688053086
1671494470
1654801264
1638001174
1621089978
1604110212
1587026634
1569893336
1552674960
1535427956
1518121278
1500798856
1483438380
1466065070
1448701076
1431342586
1413997396
1396686664
1379395762
1362143326
1344942120
1327821572
1310759860
1293777092
1276867406
1260060076
1243353574
1226761912
1210281124
1193926994
1177706274
1161627622
1145706734
1129915658
1114303382
1098867658
1083592836
1068495478
1053602638
1038899178
1024383408
1010089002
995993688
982138878
968497464
955075138
941903320
928960972
916268140
903829000
891638030
879703570
868040848
856634162
845508416
834644072
824071058
813783060
803771688
794051318
784628658
775492922
766647910
758113550
749886870
741948348
734311904
727002578
719985450
713281718
706885246
700806586
695029996
689576746
684433618
679593922
675072148
670854396
666955378
663361046
660081776
657110794
654434106
652065126
649993104
648231546
646758986
645588300
644679052
644076482
643754262
643706812
643948886
644454736
645221310
646247238
647530008
649072686
650851100
652881416
655137054
657625206
660323416
663231840
666350720
669671024
673203790
676924546
680789590
684849270
689064580
693429926
697941856
702610848
707379326
712276730
717295252
722421708
727623890
732919868
738282738
743720326
749203066
754742800
760303950
765914476
771529878
777147292
782769490
788378346
793963204
799526572
805050906
810503844
815910378
821250154
826495778
831665256
836728778
841700266
846540694
851252526
855841250
860286846
864569858
868684738
872668298
876437488
880044318
883441436
886639980
889637074
892411840
894969784
897307014
899391952
901256318
902845278
904177882
905267368
906078588
906630560
906894858
906872804
906587120
905969770
905098228
903895780
902423122
900603994
898504552
896094190
893352520
890289656
886928198
883217594
879207628
874855424
870188990
865165266
859840826
854172530
848192824
841869756
835213044
828237694
820929794
813292916
805327976
797022492
788437416
779489550
770224654
760655046
750767204
740551208
730023398
719202998
708075580
696660060
684923296
672907534
660580854
647972142
635099630
621950388
608501838
594788484
580826796
566599694
552111844
537399580
522435088
507224514
491786332
476137860
460263678
444189496
427885258
411381112
394713948
377845402
360824396
343586454
326238118
308705604
291032704
273230028
255288700
237238928
219078502
200797536
182414394
163958012
145404640
126792758
108124282
89398288
70629104
51829302
33012526
14154266
-4688554
-23520080
-42345402
-61148368
-79926184
-98645944
-117329778
-135923084
-154455550
-172916156
-191268124
-209522480
-227649930
-245682038
-263558732
-281286614
-298874400
-316290924
-333525702
-350594246
-367442870
-384107650
-400538748
-416770316
-432754896
-448498504
-463977376
-479230798
-494188454
-508852740
-523244444
-537330362
-551102662
-564582102
-577728810
-590527492
-603003094
-615135150
-626903048
-638305792
-649348498
-660018726
-670298892
-680212922
-689707532
-698823808
-707517414
-715811856
-723698582
-731143028
-738185502
-744801728
-750991312
-756746952
-762072228
-766943826
-771401156
-775399522
-778955756
-782082356
-784755632
-786984752
-788786992
-790132246
-791040980
-791531862
-791565980
-791166668
-790348320
-789087572
-787389484
-785282058
-782760340
-779818916
-776475332
-772751492
-768594780
-764055700
-759136032
-753838138
-748175720
-742132616
-735731728
-728999244
-721916762
-714507656
-706763802
-698711712
-690356960
-681689324
-672740188
-663542018
-654063628
-644345606
-634331864
-624129414
-613693486
-603053688
-592193656
-581162096
-569940120
-558556396
-547018322
-535345606
-523534078
-511612278
-499576482
-487438538
-475253320
-462973600
-450628294
-438274918
-425847966
-413438994
-401005220
-388569856
-376170040
-363799396
-351444762
-339184216
-326963580
-314829956
-302809140
-290852384
-279025412
-267342426
-255779812
-244372374
-233134388
-222076614
-211174226
-200489650
-190013046
-179725192
-169679450
-159867058
-150312622
-141010822
-131958586
-123223244
-114751030
-106566560
-98694546
-91125028
-83901180
-77007310
-70421908
-64212508
-58342562
-52824110
-47694730
-42913178
-38554180
-34554458
-30958614
-27763706
-24965618
-22578844
-20613232
-19062370
-17926828
-17219974
-16965696
-17149464
-17750886
-18821870
-20304706
-22253680
-24653082
-27501196
-30804502
-34541410
-38735924
-43416792
-48524944
-54092630
-60112268
-66585684
-73526406
-80911604
-88741900
-97028470
-105736696
-114927108
-124521536
-134567646
-145041316
-155949032
-167290168
-179059412
-191216030
-203799514
-216776176
-230173730
-243965542
-258152136
-272693724
-287622732
-302927900
-318604980
-334617614
-350998350
-367711966
-384758982
-402133784
-419811934
-437806900
-456111826
-474684248
-493536664
-512676308
-532077602
-551721656
-571602808
-591748794
-612076540
-632647194
-653408492
-674352304
-695484846
-716790998
-738254034
-759858788
-781600882
-803472878
-825471570
-847558966
-869751774
-891999942
-914343218
-936736070
-959156936
-981647988
-1004137394
-1026652890
-1049168044
-1071658480
-1094151332
-1116605008
-1138994764
-1161349550
-1183630378
-1205843228
-1227964196
-1249967450
-1271856850
-1293659784
-1315297776
-1336782396
-1358151058
-1379338498
-1400344514
-1421172144
-1441788356
-1462202608
-1482412214
-1502402312
-1522138530
-1541630282
-1560883336
-1579864018
-1598569506
-1616990874
-1635146042
-1652964258
-1670506440
-1687733538
-1704620154
-1721200064
-1737447104
-1753334560
-1768894268
-1784065148
-1798887110
-1813331396
-1827402356
-1841103820
-1854406952
-1867323984
-1879840264
-1891942878
-1903665692
-1914955140
-1925853728
-1936322074
-1946372426
-1955991814
-1965195090
-1973955008
-1982317898
-1990213322
-1997691904
-2004722076
-2011327954
-2017499586
-2023245090
-2028534582
-2033393538
-2037813816
-2041788572
-2045345758
-2048457410
-2051150854
-2053393720
-2055228952
-2056637270
-2057624242
-2058201730
-2058342934
-2058083372
-2057418704
-2056357680
-2054907802
-2053024050
-2050774538
-2048141814
-2045126472
-2041763586
-2037984200
-2033888598
-2029438498
-2024617538
-2019468366
-2014007304
-2008193402
-2002056764
-1995618634
-1988870204
-1981831454
-1974512374
-1966898286
-1959015558
-1950858872
-1942467250
-1933830422
-1924938636
-1915841076
-1906514596
-1896962036
-1887227550
-1877295656
-1867180608
-1856871032
-1846420776
-1835818090
-1825052984
-1814152958
-1803142460
-1792000680
-1780739992
-1769391784
-1757945936
-1746432812
-1734824278
-1723171282
-1711470100
-1699709226
-1687912694
-1676097368
-1664278360
-1652428618
-1640598196
-1628775084
-1616957278
-1605159470
-1593415152
-1581708896
-1570037754
-1558439296
-1546906292
-1535449946
-1524078308
-1512795642
-1501605300
-1490505848
-1479559730
-1468719900
-1457997818
-1447402838
-1436963002
-1426659042
-1416519192
-1406515302
-1396690048
-1387048440
-1377561468
-1368261468
-1359165360
-1350253656
-1341537064
-1333026848
-1324715870
-1316626896
-1308752950
-1301088842
-1293661934
-1286473604
-1279503340
-1272745708
-1266243244
-1259989058
-1253978880
-1248210010
-1242686198
-1237409872
-1232416510
-1227644032
-1223151046
-1218916968
-1214927150
-1211206768
-1207761298
-1204559018
-1201624006
-1198957160
-1196546414
-1194395962
-1192508634
-1190876698
-1189512864
-1188402526
-1187555976
-1186961734
-1186627640
-1186521748
-1186679276
-1187091828
-1187746674
-1188632430
-1189772074
-1191115286
-1192691272
-1194522840
-1196549580
-1198810966
-1201252562
-1203922786
-1206808640
-1209859148
-1213113404
-1216550832
-1220169630
-1223950838
-1227907770
-1232002634
-1236275620
-1240678606
-1245225118
-1249879646
-1254674444
-1259563950
-1264573952
-1269673476
-1274854020
-1280122208
-1285443722
-1290819944
-1296288734
-1301758186
-1307269824
-1312818680
-1318356164
-1323922218
-1329433362
-1334974112
-1340462666
-1345944832
-1351344780
-1356689422
-1362005920
-1367204880
-1372333956
-1377331748
-1382254196
-1387065202
-1391739958
-1396244524
-1400630576
-1404857100
-1408940082
-1412809024
-1416508170
-1419991528
-1423303050
-1426398940
-1429248184
-1431914296
-1434296180
-1436455648
-1438352918
-1439997280
-1441368158
-1442446634
-1443286906
-1443798686
-1443996008
-1443944612
-1443565958
-1442861200
-1441841530
-1440527718
-1438845144
-1436872312
-1434531114
-1431849142
-1428846652
-1425461898
-1421757724
-1417685504
-1413277656
-1408494158
-1403346180
-1397859886
-1391976608
-1385758090
-1379176598
-1372212600
-1364893466
-1357221836
-1349166652
-1340743958
-1331965392
-1322816538
-1313307496
-1303448994
-1293216910
-1282631774
-1271685860
-1260397620
-1248744218
-1236715250
-1224363636
-1211672804
-1198641160
-1185270182
-1171529980
-1157468790
-1143085648
-1128363552
-1113324164
-1097948476
-1082265886
-1066242032
-1049921070
-1033276158
-1016345140
-999086540
-981529982
-963689940
-945548680
-927104872
-908383826
-889368506
-870079736
-850517474
-830662034
-810535382
-790133728
-769478274
-748564320
-727393198
-705944244
-684254442
-662290688
-640078336
-617624454
-594959482
-572020530
-548830636
-525422808
-501779336
-477896268
-453765062
-429442056
-404850176
-380061664
-355047552
-329808690
-304348832
-278669390
-252760834
-226664602
-200358120
-173815886
-147063780
-120125774
-92959656
-65606470
-38054850
-10278738
17649952
45820604
74165902
102702466
131432028
160371592
189489028
218772628
248262892
277897090
307718702
337776308
367928070
398283030
428782660
459470960
490295838
521290460
552411492
583684434
615087692
646638518
678321336
710092610
742009000
774017960
806101544
838339530
870570584
902925498
935321758
967816730
1000300418
1032839270
1065349548
1097894166
1130450926
1162932594
1195377078
1227769724
1260069000
1292285408
1324364744
1356292196
1388082200
1419660978
1451023238
1482206930
1513089704
1543637020
1573937704
1603840280
1633362426
1662509282
1691180422
1719364738
1747055526
1774144280
1800643920
1826530210
1851727522
1876218176
1899941626
1922910676
1944933608
1966157230
1986373760
2005652092
2023917578
2041120336
2057137288
2072026704
2085713634
2098146434
2109285388
2119086104
2127460534
2134452576
2139944546
2143989402
2146462142
2147394164
2146688796
2144382026
2140371108
2134748216
2127378008
2118349332
2107567864
2094996700
2080712972
2064700362
2046944198
2027531906
2006279844
1983355616
1958778422
1932526942
1904586046
1875140376
1844031226
1811422938
1777362182
1741832380
1704909746
1666659182
1627146030
1586413700
1544437168
1501507944
1457418156
1412425332
1366526682
1319735280
1272301570
1224137764
1175302006
1126014642
1076208656
1025946916
975413720
924578918
873662114
822510124
771308042
720109426
669103976
618178506
567386854
517093316
466994188
417457046
368414756
320134184
272514434
226044264
180652494
136790018
95191594
56722050
23516562
0
0
0
2147483647
