-1
0.99989
0.999537
0.998954
0.998143
0.997101
0.995833
0.994342
0.992615
0.990669
0.988502
0.986123
0.98353
0.98072
0.977705
0.974484
0.971053
0.967431
0.963616
0.959596
0.955397
0.951013
0.946442
0.941692
0.93678
0.931692
0.926434
0.921025
0.915455
0.90973
0.903858
0.897849
0.891696
0.885412
0.878998
0.872463
0.865802
0.85903
0.85215
0.845161
0.838076
0.830896
0.823619
0.816263
0.80882
0.801308
0.793715
0.786061
0.77835
0.770577
0.762754
0.754879
0.746972
0.739017
0.731039
0.723021
0.714989
0.70693
0.698864
0.69078
0.68269
0.674604
0.666521
0.658444
0.650383
0.642331
0.634297
0.626287
0.618315
0.61037
0.602462
0.594588
0.586761
0.578982
0.571256
0.563581
0.555966
0.548412
0.540925
0.533511
0.526158
0.518888
0.5117
0.504587
0.497557
0.490622
0.483775
0.477016
0.470359
0.463796
0.457344
0.450992
0.444742
0.438608
0.432581
0.426671
0.420878
0.415201
0.409644
0.404213
0.398901
0.393721
0.388661
0.383738
0.378947
0.374285
0.369759
0.365371
0.361117
0.356998
0.353024
0.349193
0.345497
0.341941
0.338537
0.335269
0.332148
0.329169
0.326338
0.323649
0.321109
0.318714
0.316461
0.314355
0.312391
0.310575
0.308902
0.307375
0.305991
0.304745
0.303641
0.302677
0.301856
0.301171
0.300625
0.300202
0.299921
0.299771
0.299749
0.299862
0.300098
0.300455
0.300932
0.30153
0.302248
0.303076
0.304022
0.305072
0.306231
0.307487
0.308841
0.310294
0.31184
0.313485
0.315218
0.317017
0.318908
0.320871
0.322903
0.325005
0.327179
0.329399
0.33168
0.334017
0.336404
0.338826
0.341292
0.34379
0.346322
0.348875
0.351455
0.354044
0.356657
0.359272
0.361887
0.364505
0.367117
0.369718
0.372309
0.374881
0.37742
0.379938
0.382424
0.384867
0.387274
0.389632
0.391947
0.394201
0.396395
0.398532
0.400602
0.402597
0.404513
0.406368
0.408123
0.409803
0.411384
0.412874
0.41427
0.415562
0.416753
0.417841
0.418812
0.41968
0.42042
0.421041
0.421548
0.421926
0.422183
0.422306
0.422296
0.422163
0.421875
0.421469
0.420909
0.420224
0.419376
0.418399
0.417276
0.416
0.414573
0.413008
0.41128
0.409413
0.407386
0.405213
0.402874
0.400395
0.397755
0.394971
0.392026
0.388926
0.385678
0.382275
0.378719
0.37501
0.371143
0.367145
0.362978
0.358664
0.354208
0.349603
0.344846
0.339944
0.334905
0.329723
0.324408
0.318942
0.313347
0.307607
0.301736
0.295741
0.289618
0.283356
0.27697
0.270469
0.263844
0.257097
0.250246
0.243278
0.236195
0.229006
0.221719
0.214327
0.206842
0.19925
0.191564
0.183803
0.175948
0.168022
0.159995
0.151916
0.143752
0.135523
0.127233
0.118878
0.110473
0.102016
0.0935036
0.0849433
0.0763489
0.0677093
0.0590425
0.0503493
0.0416293
0.0328892
0.0241349
0.0153727
0.00659109
-0.00218328
-0.0109524
-0.0197186
-0.0284744
-0.0372185
-0.0459356
-0.0546359
-0.0632941
-0.071924
-0.0805204
-0.0890662
-0.0975665
-0.106008
-0.114405
-0.122729
-0.130984
-0.139174
-0.147284
-0.15531
-0.163258
-0.171104
-0.178864
-0.186515
-0.194074
-0.201517
-0.208848
-0.216056
-0.223159
-0.230124
-0.236953
-0.243655
-0.250214
-0.256627
-0.262904
-0.269026
-0.274986
-0.280795
-0.286445
-0.291924
-0.297234
-0.302376
-0.307345
-0.312132
-0.316749
-0.32117
-0.325415
-0.329463
-0.333326
-0.336998
-0.340465
-0.343744
-0.346825
-0.349708
-0.352388
-0.354868
-0.357136
-0.359212
-0.361074
-0.36273
-0.364185
-0.36543
-0.366468
-0.367308
-0.367934
-0.368357
-0.368586
-0.368602
-0.368416
-0.368035
-0.367448
-0.366657
-0.365675
-0.364501
-0.363131
-0.361575
-0.35984
-0.357905
-0.355791
-0.3535
-0.351033
-0.348396
-0.345582
-0.342602
-0.339467
-0.336169
-0.332719
-0.329113
-0.325363
-0.321473
-0.317436
-0.313269
-0.308986
-0.304572
-0.300047
-0.295384
-0.290633
-0.285773
-0.280819
-0.275762
-0.270625
-0.265399
-0.260098
-0.254725
-0.24929
-0.24379
-0.238238
-0.232633
-0.226981
-0.221307
-0.215589
-0.20984
-0.204088
-0.198301
-0.192523
-0.186733
-0.180942
-0.175168
-0.169407
-0.163654
-0.157945
-0.152254
-0.146604
-0.141006
-0.135439
-0.129931
-0.124491
-0.119107
-0.113795
-0.108562
-0.103412
-0.0983357
-0.0933603
-0.0884817
-0.0836911
-0.0790132
-0.0744439
-0.0699948
-0.0656633
-0.061448
-0.0573803
-0.0534351
-0.0496239
-0.0459582
-0.0424334
-0.0390695
-0.0358593
-0.0327928
-0.0299013
-0.0271679
-0.0245981
-0.0222096
-0.019983
-0.0179532
-0.0160907
-0.0144162
-0.0129285
-0.0116255
-0.0105141
-0.00959878
-0.00887661
-0.00834783
-0.00801868
-0.00790027
-0.00798584
-0.0082659
-0.00876462
-0.00945512
-0.0103627
-0.01148
-0.0128062
-0.0143445
-0.0160846
-0.0180378
-0.0202175
-0.0225962
-0.0251888
-0.027992
-0.0310064
-0.0342384
-0.0376774
-0.0413237
-0.0451824
-0.0492375
-0.0535171
-0.0579849
-0.0626629
-0.0675401
-0.0726194
-0.0779006
-0.083381
-0.0890419
-0.0949015
-0.100944
-0.107183
-0.113605
-0.120211
-0.126983
-0.133935
-0.141062
-0.148362
-0.155818
-0.163446
-0.171229
-0.179167
-0.187258
-0.19549
-0.20387
-0.212394
-0.221042
-0.229821
-0.238734
-0.247768
-0.256915
-0.266173
-0.275555
-0.28502
-0.294599
-0.304267
-0.31402
-0.32386
-0.333782
-0.343776
-0.353837
-0.363961
-0.374146
-0.38439
-0.394675
-0.40501
-0.41537
-0.425774
-0.436202
-0.446642
-0.457115
-0.467588
-0.478073
-0.488557
-0.49903
-0.509504
-0.51996
-0.530386
-0.540796
-0.551171
-0.561515
-0.571815
-0.582061
-0.592254
-0.602407
-0.612483
-0.622488
-0.632438
-0.642305
-0.652086
-0.661785
-0.671385
-0.680891
-0.690302
-0.699611
-0.708801
-0.717878
-0.726843
-0.735682
-0.744392
-0.75297
-0.761424
-0.769721
-0.77789
-0.785912
-0.793776
-0.801496
-0.809062
-0.81646
-0.823706
-0.83077
-0.837672
-0.844398
-0.850951
-0.857331
-0.863526
-0.86954
-0.875369
-0.881005
-0.886463
-0.89172
-0.896796
-0.90167
-0.90635
-0.91083
-0.915115
-0.919194
-0.923089
-0.926765
-0.930248
-0.933521
-0.936598
-0.939471
-0.942147
-0.94461
-0.946873
-0.948931
-0.950782
-0.952438
-0.953887
-0.955142
-0.956186
-0.957041
-0.957696
-0.958156
-0.958425
-0.958491
-0.95837
-0.95806
-0.957566
-0.956891
-0.956014
-0.954966
-0.95374
-0.952336
-0.95077
-0.94901
-0.947103
-0.945031
-0.942786
-0.940388
-0.937845
-0.935138
-0.93228
-0.929282
-0.92614
-0.922862
-0.919454
-0.915908
-0.912238
-0.908439
-0.904532
-0.90051
-0.896369
-0.892133
-0.88779
-0.883342
-0.878809
-0.874184
-0.869474
-0.864673
-0.859807
-0.854869
-0.849857
-0.844781
-0.839654
-0.834465
-0.829222
-0.823937
-0.818607
-0.813246
-0.807841
-0.802414
-0.796965
-0.791489
-0.785996
-0.780494
-0.77499
-0.769472
-0.763963
-0.758458
-0.752954
-0.747461
-0.741992
-0.736541
-0.731106
-0.725705
-0.720334
-0.715
-0.709704
-0.70445
-0.699239
-0.694071
-0.688974
-0.683926
-0.678933
-0.673999
-0.669138
-0.66434
-0.659618
-0.65496
-0.650384
-0.645895
-0.641477
-0.637146
-0.632911
-0.628761
-0.624702
-0.620739
-0.616869
-0.613102
-0.609436
-0.605867
-0.602408
-0.599061
-0.595815
-0.592668
-0.58964
-0.586728
-0.583929
-0.581243
-0.578671
-0.576214
-0.573889
-0.571666
-0.569574
-0.567602
-0.565745
-0.564012
-0.562408
-0.560917
-0.55955
-0.558308
-0.557185
-0.556184
-0.555305
-0.554545
-0.55391
-0.553393
-0.552999
-0.552722
-0.552567
-0.552517
-0.552591
-0.552783
-0.553088
-0.5535
-0.554031
-0.554656
-0.55539
-0.556243
-0.557187
-0.55824
-0.559377
-0.56062
-0.561964
-0.563385
-0.5649
-0.566501
-0.568186
-0.569947
-0.571789
-0.573696
-0.575686
-0.577736
-0.579853
-0.582021
-0.584253
-0.58653
-0.588863
-0.591238
-0.59365
-0.596103
-0.598581
-0.601085
-0.603631
-0.606178
-0.608745
-0.611329
-0.613907
-0.616499
-0.619066
-0.621646
-0.624202
-0.626754
-0.629269
-0.631758
-0.634233
-0.636654
-0.639043
-0.64137
-0.643662
-0.645903
-0.648079
-0.650177
-0.652219
-0.654188
-0.656089
-0.65789
-0.659613
-0.661235
-0.662777
-0.664219
-0.665546
-0.666787
-0.667896
-0.668902
-0.669785
-0.670551
-0.671189
-0.671692
-0.672083
-0.672321
-0.672413
-0.672389
-0.672213
-0.671885
-0.67141
-0.670798
-0.670014
-0.669096
-0.668006
-0.666757
-0.665359
-0.663782
-0.662058
-0.660161
-0.658109
-0.655881
-0.653484
-0.650929
-0.64819
-0.645294
-0.642229
-0.638986
-0.635578
-0.632006
-0.628255
-0.624333
-0.620245
-0.615984
-0.611556
-0.606966
-0.602201
-0.597272
-0.592175
-0.586918
-0.581492
-0.57589
-0.570139
-0.564229
-0.558161
-0.551934
-0.545536
-0.538988
-0.532291
-0.525435
-0.518432
-0.511272
-0.503969
-0.496508
-0.488908
-0.481157
-0.473273
-0.465236
-0.457061
-0.448753
-0.440305
-0.431717
-0.422999
-0.414144
-0.405162
-0.396053
-0.386807
-0.377435
-0.367935
-0.358316
-0.348577
-0.338719
-0.328731
-0.318631
-0.308403
-0.29806
-0.287604
-0.27705
-0.266368
-0.255569
-0.244669
-0.233659
-0.222538
-0.211301
-0.199975
-0.188523
-0.17698
-0.165332
-0.153579
-0.141723
-0.129766
-0.117701
-0.105549
-0.093299
-0.0809393
-0.0684819
-0.0559379
-0.0432877
-0.0305504
-0.0177207
-0.00478641
0.0082189
0.0213369
0.0345362
0.0478246
0.0612028
0.0746788
0.0882377
0.101874
0.115606
0.129406
0.143293
0.157289
0.17133
0.185465
0.199667
0.213958
0.228312
0.242745
0.257237
0.271799
0.286423
0.301115
0.315868
0.330663
0.345525
0.36043
0.37537
0.390382
0.405391
0.420457
0.435543
0.450675
0.465801
0.480953
0.496092
0.511247
0.526407
0.541533
0.556641
0.571725
0.586765
0.601767
0.616705
0.631573
0.646376
0.661081
0.675685
0.690206
0.704587
0.718812
0.732922
0.746846
0.760594
0.774166
0.787517
0.800642
0.813536
0.82615
0.83849
0.850544
0.862278
0.873682
0.884729
0.895425
0.90568
0.915563
0.924977
0.933955
0.94246
0.950471
0.957929
0.964863
0.971236
0.977026
0.982213
0.986776
0.990676
0.993932
0.996489
0.998373
0.999524
0.999958
0.99963
0.998556
0.996688
0.99407
0.990638
0.986433
0.981413
0.975559
0.968907
0.961451
0.953183
0.944143
0.934247
0.923572
0.912127
0.899903
0.886892
0.87318
0.858694
0.84351
0.827649
0.811104
0.79391
0.776099
0.757699
0.738731
0.719185
0.699194
0.678663
0.657712
0.636339
0.61455
0.592462
0.570034
0.547293
0.524341
0.501149
0.477744
0.454212
0.430541
0.406831
0.383011
0.359168
0.335327
0.311576
0.287862
0.26421
0.24079
0.217461
0.194394
0.171556
0.149074
0.126899
0.10526
0.0841229
0.0636978
0.044327
0.0264133
0.0109508
0
0
0
0
