0
.999969482421875
.9998626708984375
.99951171875
.998931884765625
.9981231689453125
.997100830078125
.9958343505859375
.994354248046875
.992645263671875
.99072265625
.9885711669921875
.9862213134765625
.983642578125
.980865478515625
.977874755859375
.9746856689453125
.971282958984375
.9676971435546875
.9639129638671875
.959930419921875
.95574951171875
.9514007568359375
.946868896484375
.9421539306640625
.937255859375
.9322052001953125
.9269866943359375
.921600341796875
.9160614013671875
.9103546142578125
.904510498046875
.898529052734375
.89239501953125
.886138916015625
.879730224609375
.8732147216796875
.8665771484375
.85980224609375
.852935791015625
.845947265625
.8388671875
.8316802978515625
.82440185546875
.8170318603515625
.8095855712890625
.8020477294921875
.7944488525390625
.786773681640625
.779022216796875
.7712249755859375
.76336669921875
.755462646484375
.7475128173828125
.7395172119140625
.731475830078125
.723419189453125
.71533203125
.70721435546875
.6990814208984375
.6909332275390625
.682769775390625
.67462158203125
.6664581298828125
.658294677734375
.650146484375
.6420135498046875
.6338958740234375
.6258087158203125
.61773681640625
.6096954345703125
.6016845703125
.5937042236328125
.585784912109375
.5778961181640625
.570068359375
.5622711181640625
.5545501708984375
.5468902587890625
.5392913818359375
.5317535400390625
.5242919921875
.51690673828125
.5095977783203125
.5023651123046875
.4952239990234375
.4881591796875
.4811859130859375
.4743194580078125
.4675445556640625
.4608612060546875
.45428466796875
.4477996826171875
.441436767578125
.4351806640625
.4290313720703125
.423004150390625
.4170989990234375
.4113006591796875
.4056243896484375
.40008544921875
.3946533203125
.3893585205078125
.3842010498046875
.3791656494140625
.3742523193359375
.3694915771484375
.3648529052734375
.3603515625
.3560028076171875
.351776123046875
.3477020263671875
.343780517578125
.3399810791015625
.336334228515625
.3328399658203125
.3294677734375
.326263427734375
.3231964111328125
.320281982421875
.3175048828125
.31488037109375
.3123931884765625
.3100738525390625
.307891845703125
.30584716796875
.303955078125
.302215576171875
.3006134033203125
.299163818359375
.2978515625
.2966766357421875
.295654296875
.294769287109375
.2940216064453125
.293426513671875
.2929534912109375
.2926177978515625
.29241943359375
.2923431396484375
.2924041748046875
.2926025390625
.29290771484375
.2933502197265625
.293914794921875
.294586181640625
.295379638671875
.296295166015625
.2973175048828125
.298431396484375
.2996673583984375
.3010101318359375
.30242919921875
.303955078125
.305572509765625
.307281494140625
.30908203125
.3109588623046875
.3129119873046875
.3149261474609375
.3170318603515625
.3191986083984375
.3214111328125
.323699951171875
.3260345458984375
.3284149169921875
.3308563232421875
.3333282470703125
.3358306884765625
.33837890625
.3409423828125
.343536376953125
.3461456298828125
.3487701416015625
.351409912109375
.3540496826171875
.356689453125
.3593292236328125
.361968994140625
.3645782470703125
.3671875
.3697662353515625
.372314453125
.3748321533203125
.3773193359375
.3797607421875
.382171630859375
.384521484375
.3868255615234375
.389068603515625
.3912506103515625
.3933563232421875
.395416259765625
.3973846435546875
.3992767333984375
.401092529296875
.4028167724609375
.4044647216796875
.406005859375
.407470703125
.4088134765625
.410064697265625
.4112091064453125
.4122467041015625
.4131622314453125
.4139556884765625
.414642333984375
.41522216796875
.4156494140625
.4159698486328125
.4161529541015625
.4162139892578125
.4161224365234375
.4159088134765625
.415557861328125
.415069580078125
.4144287109375
.4136505126953125
.4127349853515625
.4116668701171875
.4104461669921875
.409088134765625
.4075775146484375
.405914306640625
.4040985107421875
.4021148681640625
.399993896484375
.3977203369140625
.395294189453125
.3927154541015625
.3899688720703125
.3870849609375
.384033203125
.380828857421875
.377471923828125
.37396240234375
.37030029296875
.366485595703125
.3625030517578125
.3583831787109375
.3541107177734375
.349700927734375
.345123291015625
.3404083251953125
.335540771484375
.330535888671875
.32537841796875
.3200836181640625
.31463623046875
.3090667724609375
.3033599853515625
.2975006103515625
.2915191650390625
.2854156494140625
.2791748046875
.2728118896484375
.2663116455078125
.25970458984375
.252960205078125
.2461090087890625
.2391510009765625
.2320709228515625
.224884033203125
.21759033203125
.210205078125
.2027130126953125
.1951141357421875
.18743896484375
.179656982421875
.1717987060546875
.163848876953125
.15582275390625
.1477203369140625
.139556884765625
.131317138671875
.1230010986328125
.1146392822265625
.106201171875
.09771728515625
.0891876220703125
.0806121826171875
.071990966796875
.0633392333984375
.0546417236328125
.045928955078125
.0371856689453125
.0284271240234375
.0196380615234375
.0108489990234375
.0020599365234375
-.006744384765625
-.0155487060546875
-.0243377685546875
-.033111572265625
-.0418701171875
-.0506134033203125
-.0593414306640625
-.068023681640625
-.0766754150390625
-.0852813720703125
-.093841552734375
-.1023712158203125
-.1108245849609375
-.119232177734375
-.1275787353515625
-.1358489990234375
-.14404296875
-.15216064453125
-.1602020263671875
-.16815185546875
-.1760101318359375
-.18377685546875
-.191436767578125
-.1989898681640625
-.2064208984375
-.2137603759765625
-.2209625244140625
-.228057861328125
-.235015869140625
-.2418365478515625
-.24853515625
-.2550811767578125
-.261474609375
-.2677459716796875
-.2738494873046875
-.2798004150390625
-.28558349609375
-.2912139892578125
-.2966766357421875
-.301971435546875
-.307098388671875
-.312042236328125
-.316802978515625
-.3213958740234375
-.3257904052734375
-.33001708984375
-.33404541015625
-.3378753662109375
-.341522216796875
-.344970703125
-.3482208251953125
-.3512725830078125
-.3541259765625
-.356781005859375
-.359222412109375
-.361480712890625
-.363525390625
-.3653564453125
-.3669891357421875
-.3684234619140625
-.3696441650390625
-.3706512451171875
-.3714599609375
-.3720703125
-.372467041015625
-.3726654052734375
-.372650146484375
-.3724517822265625
-.372039794921875
-.371429443359375
-.3706207275390625
-.3696136474609375
-.3684234619140625
-.367034912109375
-.365447998046875
-.363677978515625
-.361724853515625
-.359588623046875
-.357269287109375
-.3547821044921875
-.35211181640625
-.3492889404296875
-.346282958984375
-.343109130859375
-.33978271484375
-.3363037109375
-.332672119140625
-.3289031982421875
-.324981689453125
-.3209075927734375
-.31671142578125
-.3123931884765625
-.3079376220703125
-.3033599853515625
-.298675537109375
-.29388427734375
-.288970947265625
-.283966064453125
-.27886962890625
-.273681640625
-.268402099609375
-.2630462646484375
-.2576141357421875
-.2521209716796875
-.2465667724609375
-.2409515380859375
-.2352752685546875
-.2295684814453125
-.22381591796875
-.2180328369140625
-.21221923828125
-.2063751220703125
-.2005157470703125
-.1946563720703125
-.18878173828125
-.1829071044921875
-.1770477294921875
-.17120361328125
-.1653594970703125
-.1595611572265625
-.153778076171875
-.1480255126953125
-.1423187255859375
-.1366729736328125
-.1310577392578125
-.125518798828125
-.120025634765625
-.1146240234375
-.109283447265625
-.1040191650390625
-.0988311767578125
-.09375
-.0887603759765625
-.0838775634765625
-.0790863037109375
-.0744171142578125
-.069854736328125
-.0654144287109375
-.06109619140625
-.056915283203125
-.0528564453125
-.0489501953125
-.045166015625
-.0415496826171875
-.0380706787109375
-.0347442626953125
-.031585693359375
-.0285797119140625
-.0257415771484375
-.0230865478515625
-.0205841064453125
-.0182647705078125
-.0161285400390625
-.01416015625
-.01239013671875
-.01080322265625
-.0094146728515625
-.0081939697265625
-.0071868896484375
-.006378173828125
-.005767822265625
-.0053558349609375
-.0051422119140625
-.005126953125
-.0053253173828125
-.0057373046875
-.00634765625
-.007171630859375
-.008209228515625
-.00946044921875
-.0109100341796875
-.0125885009765625
-.01446533203125
-.0165557861328125
-.0188751220703125
-.021392822265625
-.0241241455078125
-.0270843505859375
-.030242919921875
-.0336151123046875
-.037200927734375
-.040985107421875
-.0449981689453125
-.0492095947265625
-.053619384765625
-.0582427978515625
-.0630645751953125
-.0680999755859375
-.0733184814453125
-.0787506103515625
-.0843658447265625
-.090179443359375
-.09619140625
-.102386474609375
-.1087646484375
-.115325927734375
-.1220703125
-.128997802734375
-.1360931396484375
-.14337158203125
-.1508026123046875
-.158416748046875
-.166168212890625
-.174102783203125
-.1821746826171875
-.190399169921875
-.1987762451171875
-.2072906494140625
-.2159423828125
-.2247161865234375
-.233642578125
-.24267578125
-.2518463134765625
-.2611236572265625
-.2705078125
-.279998779296875
-.2895965576171875
-.299285888671875
-.30908203125
-.3189544677734375
-.3289031982421875
-.3389434814453125
-.3490447998046875
-.359222412109375
-.36944580078125
-.379730224609375
-.39007568359375
-.4004669189453125
-.410888671875
-.421356201171875
-.4318389892578125
-.442352294921875
-.4528961181640625
-.46343994140625
-.4739837646484375
-.4845428466796875
-.4951019287109375
-.505645751953125
-.51617431640625
-.5266876220703125
-.53717041015625
-.5476226806640625
-.55804443359375
-.56842041015625
-.5787506103515625
-.589019775390625
-.5992431640625
-.609405517578125
-.6194915771484375
-.6295166015625
-.6394500732421875
-.6493072509765625
-.659088134765625
-.66876220703125
-.6783447265625
-.6878204345703125
-.6971893310546875
-.706451416015625
-.7155914306640625
-.7246246337890625
-.7335205078125
-.7422943115234375
-.7509307861328125
-.759429931640625
-.767791748046875
-.7760009765625
-.7840728759765625
-.7919769287109375
-.7997283935546875
-.8073272705078125
-.8147735595703125
-.8220367431640625
-.8291473388671875
-.8360748291015625
-.8428192138671875
-.849395751953125
-.855804443359375
-.8620147705078125
-.8680419921875
-.8738861083984375
-.879547119140625
-.885009765625
-.8902740478515625
-.895355224609375
-.900238037109375
-.9049224853515625
-.9094085693359375
-.9136962890625
-.91778564453125
-.921661376953125
-.9253387451171875
-.9288177490234375
-.932098388671875
-.9351806640625
-.93804931640625
-.9407196044921875
-.94317626953125
-.9454345703125
-.9474945068359375
-.9493408203125
-.9510040283203125
-.95245361328125
-.953704833984375
-.9547576904296875
-.9556121826171875
-.956268310546875
-.9567413330078125
-.957000732421875
-.9570770263671875
-.95697021484375
-.9566802978515625
-.9561920166015625
-.9555206298828125
-.9546661376953125
-.9536285400390625
-.952423095703125
-.9510345458984375
-.9494781494140625
-.94775390625
-.9458465576171875
-.94378662109375
-.9415740966796875
-.9391937255859375
-.936676025390625
-.933990478515625
-.93115234375
-.9281768798828125
-.9250640869140625
-.9217987060546875
-.9184112548828125
-.9149017333984375
-.9112548828125
-.907470703125
-.9035797119140625
-.8995819091796875
-.8954620361328125
-.8912353515625
-.88690185546875
-.882476806640625
-.877960205078125
-.8733367919921875
-.8686370849609375
-.8638458251953125
-.858978271484375
-.854034423828125
-.849029541015625
-.8439483642578125
-.83880615234375
-.8336029052734375
-.8283538818359375
-.8230438232421875
-.8177032470703125
-.8123016357421875
-.806884765625
-.801422119140625
-.795928955078125
-.7904205322265625
-.784881591796875
-.779327392578125
-.773773193359375
-.7681884765625
-.7626190185546875
-.757049560546875
-.7514801025390625
-.74591064453125
-.7403564453125
-.7348175048828125
-.72930908203125
-.72381591796875
-.7183380126953125
-.7129058837890625
-.7075042724609375
-.7021484375
-.6968231201171875
-.6915435791015625
-.686309814453125
-.6811370849609375
-.6760101318359375
-.67095947265625
-.66595458984375
-.6610107421875
-.6561431884765625
-.6513519287109375
-.6466217041015625
-.6419677734375
-.6374053955078125
-.6329193115234375
-.628509521484375
-.6241912841796875
-.619964599609375
-.6158294677734375
-.6118011474609375
-.60784912109375
-.60400390625
-.6002655029296875
-.59661865234375
-.59307861328125
-.5896453857421875
-.5863189697265625
-.5831146240234375
-.58001708984375
-.5770263671875
-.5741424560546875
-.571380615234375
-.5687408447265625
-.56622314453125
-.563812255859375
-.5615234375
-.5593414306640625
-.5572967529296875
-.5553741455078125
-.5535736083984375
-.5518798828125
-.550323486328125
-.54888916015625
-.547576904296875
-.54638671875
-.545318603515625
-.5443572998046875
-.5435333251953125
-.5428314208984375
-.5422515869140625
-.5417938232421875
-.54144287109375
-.5412139892578125
-.541107177734375
-.5411224365234375
-.5412445068359375
-.541473388671875
-.5418243408203125
-.5422821044921875
-.5428466796875
-.5435333251953125
-.5443115234375
-.545196533203125
-.546173095703125
-.5472564697265625
-.5484466552734375
-.549713134765625
-.55108642578125
-.5525360107421875
-.5540771484375
-.555694580078125
-.5573883056640625
-.559173583984375
-.56103515625
-.5629425048828125
-.56494140625
-.566986083984375
-.5691070556640625
-.5712738037109375
-.573486328125
-.5757598876953125
-.5780792236328125
-.5804290771484375
-.58282470703125
-.5852508544921875
-.5876922607421875
-.5901641845703125
-.5926666259765625
-.5951690673828125
-.597686767578125
-.6002197265625
-.6027374267578125
-.605255126953125
-.6077728271484375
-.6102752685546875
-.612762451171875
-.6152191162109375
-.6176605224609375
-.6200714111328125
-.6224365234375
-.624755859375
-.627044677734375
-.6292724609375
-.6314544677734375
-.633575439453125
-.6356201171875
-.637603759765625
-.6395263671875
-.641357421875
-.6431121826171875
-.644775390625
-.6463470458984375
-.6478424072265625
-.6492156982421875
-.6504974365234375
-.65167236328125
-.652740478515625
-.6536865234375
-.6545257568359375
-.6552276611328125
-.65582275390625
-.6562652587890625
-.6566009521484375
-.6567840576171875
-.6568450927734375
-.6567535400390625
-.656524658203125
-.656158447265625
-.6556243896484375
-.6549530029296875
-.6541290283203125
-.6531524658203125
-.6520233154296875
-.650726318359375
-.649261474609375
-.64764404296875
-.6458740234375
-.6439208984375
-.641815185546875
-.6395416259765625
-.6371002197265625
-.634490966796875
-.6316986083984375
-.628753662109375
-.6256256103515625
-.622344970703125
-.6188812255859375
-.6152496337890625
-.6114501953125
-.6074676513671875
-.60333251953125
-.5990142822265625
-.5945281982421875
-.589874267578125
-.5850677490234375
-.5800628662109375
-.574920654296875
-.5695953369140625
-.5641021728515625
-.558441162109375
-.5526275634765625
-.5466461181640625
-.540496826171875
-.5341949462890625
-.5277252197265625
-.5211029052734375
-.514312744140625
-.5073699951171875
-.500274658203125
-.4930267333984375
-.485626220703125
-.4780731201171875
-.470367431640625
-.4625244140625
-.4545135498046875
-.4463653564453125
-.438079833984375
-.4296417236328125
-.4210662841796875
-.412353515625
-.4034881591796875
-.394500732421875
-.3853607177734375
-.3760986328125
-.36669921875
-.3571624755859375
-.3474884033203125
-.3376922607421875
-.3277740478515625
-.317718505859375
-.307525634765625
-.2972259521484375
-.2867889404296875
-.2762298583984375
-.26556396484375
-.2547607421875
-.24383544921875
-.2328033447265625
-.221649169921875
-.2103729248046875
-.1989898681640625
-.1874847412109375
-.1758575439453125
-.1641387939453125
-.1522979736328125
-.1403350830078125
-.1282806396484375
-.1161041259765625
-.10382080078125
-.0914459228515625
-.078948974609375
-.0663604736328125
-.05364990234375
-.0408477783203125
-.0279541015625
-.0149383544921875
-.0018463134765625
.0113525390625
.024658203125
.0380401611328125
.0515289306640625
.0651092529296875
.0787811279296875
.0925445556640625
.10638427734375
.120330810546875
.13433837890625
.1484375
.162628173828125
.1768798828125
.19122314453125
.20562744140625
.2201080322265625
.2346649169921875
.249267578125
.263946533203125
.2786865234375
.293487548828125
.3083343505859375
.3232421875
.3381805419921875
.353179931640625
.368194580078125
.3832550048828125
.398345947265625
.4134674072265625
.4285888671875
.4437255859375
.4588775634765625
.4740447998046875
.4891815185546875
.5043182373046875
.5194244384765625
.5345306396484375
.5495758056640625
.5645904541015625
.579559326171875
.5944671630859375
.6092987060546875
.6240692138671875
.63873291015625
.6533050537109375
.6677703857421875
.68212890625
.69635009765625
.710418701171875
.7243499755859375
.73809814453125
.751678466796875
.7650604248046875
.778228759765625
.7911834716796875
.8039093017578125
.816375732421875
.828582763671875
.8404998779296875
.8521270751953125
.863433837890625
.874420166015625
.88507080078125
.8953399658203125
.905242919921875
.9147491455078125
.9238433837890625
.9325103759765625
.94073486328125
.948486328125
.9557647705078125
.9625396728515625
.96881103515625
.97454833984375
.9797515869140625
.9843902587890625
.9884490966796875
.9919281005859375
.994781494140625
.997039794921875
.9986572265625
.9996490478515625
.999969482421875
.9996490478515625
.9986419677734375
.9969482421875
.9945831298828125
.99151611328125
.987762451171875
.9832916259765625
.978118896484375
.9722442626953125
.965667724609375
.9583740234375
.9503936767578125
.9416961669921875
.93231201171875
.9222564697265625
.9114990234375
.90008544921875
.8880157470703125
.8752899169921875
.8619384765625
.84796142578125
.8333740234375
.8181915283203125
.802459716796875
.786163330078125
.7693328857421875
.7519989013671875
.734161376953125
.715850830078125
.697113037109375
.6779327392578125
.6583404541015625
.638397216796875
.6180877685546875
.597442626953125
.576507568359375
.5552825927734375
.5337982177734375
.5120849609375
.49017333984375
.46807861328125
.445831298828125
.423431396484375
.40093994140625
.37835693359375
.355682373046875
.332977294921875
.310272216796875
.28753662109375
.26483154296875
.2421722412109375
.21954345703125
.196990966796875
.1745452880859375
.152191162109375
.1299591064453125
.107879638671875
.0859375
.06414794921875
.0425567626953125
.0211639404296875
0
