0.00166941
0.00166734
0.00166489
0.0016621
0.00165897
0.00165548
0.00165166
0.0016475
0.00164298
0.00163814
0.00163296
0.00162747
0.00162166
0.00161552
0.00160908
0.00160233
0.00159527
0.00158792
0.00158028
0.00157234
0.00156413
0.00155564
0.00154687
0.00153784
0.00152856
0.00151902
0.00150923
0.00149921
0.00148895
0.00147845
0.00146774
0.00145682
0.00144568
0.00143434
0.00142281
0.0014111
0.0013992
0.00138713
0.00137489
0.00136249
0.00134995
0.00133726
0.00132443
0.00131148
0.00129839
0.0012852
0.00127189
0.00125849
0.00124501
0.00123143
0.00121777
0.00120404
0.00119027
0.00117642
0.00116254
0.00114861
0.00113466
0.00112067
0.00110668
0.00109266
0.00107864
0.00106464
0.00105064
0.00103667
0.00102272
0.0010088
0.000994917
0.00098108
0.000967311
0.000953595
0.000939947
0.000926363
0.000912865
0.000899453
0.000886136
0.000872913
0.000859796
0.000846789
0.000833899
0.000821139
0.000808488
0.000795981
0.000783619
0.000771388
0.000759303
0.000747382
0.000735615
0.000724
0.000712563
0.000701286
0.0006902
0.000679286
0.000668547
0.000658005
0.000647646
0.000637483
0.00062752
0.000617752
0.000608184
0.000598828
0.000589671
0.000580731
0.000571993
0.000563478
0.000555181
0.000547095
0.00053923
0.00053159
0.000524166
0.00051696
0.000509985
0.000503239
0.000496706
0.000490397
0.000484325
0.000478468
0.000472839
0.000467431
0.000462251
0.000457288
0.000452555
0.000448041
0.000443742
0.000439665
0.0004358
0.000432156
0.000428723
0.000425506
0.000422499
0.000419693
0.000417094
0.000414695
0.000412503
0.000410503
0.000408703
0.000407076
0.000405648
0.000404404
0.000403337
0.000402456
0.000401745
0.000401199
0.000400818
0.0004006
0.000400544
0.000400635
0.000400883
0.00040127
0.0004018
0.000402458
0.000403245
0.000404159
0.000405194
0.000406357
0.000407633
0.000408994
0.000410471
0.000412039
0.000413695
0.000415437
0.000417271
0.000419162
0.000421128
0.000423163
0.000425261
0.000427401
0.000429594
0.000431826
0.0004341
0.000436399
0.00043873
0.000441073
0.000443443
0.000445816
0.00044819
0.000450567
0.000452936
0.000455292
0.000457636
0.000459959
0.000462242
0.0004645
0.000466722
0.000468892
0.000471021
0.000473092
0.000475114
0.000477064
0.000478946
0.000480761
0.000482499
0.00048415
0.00048571
0.000487201
0.000488577
0.000489866
0.000491044
0.000492115
0.000493079
0.000493926
0.000494657
0.000495271
0.000495751
0.000496115
0.000496332
0.000496414
0.000496368
0.000496175
0.000495845
0.000495363
0.000494731
0.00049396
0.000493015
0.000491936
0.000490684
0.00048929
0.000487714
0.000485992
0.000484108
0.00048205
0.000479824
0.000477444
0.000474881
0.000472164
0.000469268
0.00046621
0.000462967
0.000459569
0.000455994
0.000452259
0.000448347
0.000444265
0.00044002
0.000435605
0.000431024
0.000426276
0.000421355
0.000416296
0.000411053
0.000405652
0.000400099
0.000394389
0.000388516
0.00038249
0.000376321
0.000370003
0.000363546
0.000356934
0.000350188
0.000343295
0.000336268
0.00032912
0.000321842
0.000314426
0.000306888
0.00029924
0.000291472
0.000283589
0.000275609
0.000267519
0.000259323
0.000251032
0.000242655
0.000234186
0.000225638
0.000216996
0.000208278
0.000199503
0.000190652
0.00018175
0.000172766
0.000163755
0.000154681
0.000145565
0.000136414
0.000127225
0.000118013
0.000108777
9.95141e-05
9.02335e-05
8.09501e-05
7.16527e-05
6.23609e-05
5.30761e-05
4.37982e-05
3.45348e-05
2.52924e-05
1.60779e-05
6.87968e-06
-2.27429e-06
-1.13859e-05
-2.04574e-05
-2.9481e-05
-3.84552e-05
-4.73643e-05
-5.62188e-05
-6.49928e-05
-7.37007e-05
-8.23373e-05
-9.08854e-05
-9.93507e-05
-0.00010772
-0.000116007
-0.000124186
-0.00013226
-0.000140233
-0.000148091
-0.000155831
-0.00016346
-0.000170954
-0.000178331
-0.000185567
-0.000192681
-0.000199651
-0.000206481
-0.000213161
-0.00021971
-0.000226097
-0.000232324
-0.000238403
-0.000244318
-0.000250068
-0.000255663
-0.000261087
-0.000266335
-0.000271417
-0.000276328
-0.000281058
-0.000285609
-0.000289984
-0.00029418
-0.000298189
-0.000302024
-0.000305663
-0.000309125
-0.000312391
-0.000315474
-0.000318372
-0.000321069
-0.000323586
-0.000325913
-0.000328051
-0.000329998
-0.000331757
-0.000333318
-0.000334702
-0.000335888
-0.000336885
-0.0003377
-0.000338324
-0.000338762
-0.000339022
-0.000339092
-0.000338981
-0.0003387
-0.000338231
-0.000337585
-0.00033677
-0.000335777
-0.000334607
-0.000333274
-0.000331776
-0.000330111
-0.000328287
-0.000326315
-0.000324172
-0.000321879
-0.000319439
-0.000316851
-0.000314123
-0.000311248
-0.000308236
-0.000305098
-0.000301825
-0.000298429
-0.000294906
-0.000291267
-0.000287514
-0.000283644
-0.000279668
-0.000275602
-0.000271431
-0.000267172
-0.000262803
-0.000258367
-0.000253846
-0.000249252
-0.000244577
-0.000239843
-0.000235041
-0.000230182
-0.00022527
-0.000220312
-0.000215306
-0.000210265
-0.000205186
-0.000200074
-0.000194951
-0.000189798
-0.000184627
-0.00017946
-0.00017427
-0.000169096
-0.000163919
-0.000158748
-0.000153599
-0.000148468
-0.000143351
-0.000138278
-0.000133227
-0.000128218
-0.000123261
-0.000118335
-0.000113467
-0.000108663
-0.000103914
-9.9232e-05
-9.46238e-05
-9.00934e-05
-8.56305e-05
-8.12602e-05
-7.69785e-05
-7.27773e-05
-6.86781e-05
-6.46771e-05
-6.07842e-05
-5.69969e-05
-5.3314e-05
-4.97624e-05
-4.63203e-05
-4.29973e-05
-3.98033e-05
-3.67342e-05
-3.3807e-05
-3.10154e-05
-2.83504e-05
-2.58391e-05
-2.34665e-05
-2.12374e-05
-1.91666e-05
-1.72374e-05
-1.54795e-05
-1.38674e-05
-1.24187e-05
-1.11321e-05
-1.00057e-05
-9.045e-06
-8.25385e-06
-7.62939e-06
-7.17165e-06
-6.88573e-06
-6.78096e-06
-6.85127e-06
-7.0883e-06
-7.51251e-06
-8.10064e-06
-8.87411e-06
-9.82638e-06
-1.09565e-05
-1.22669e-05
-1.37486e-05
-1.54111e-05
-1.72653e-05
-1.92877e-05
-2.14907e-05
-2.38712e-05
-2.64295e-05
-2.91709e-05
-3.20859e-05
-3.51747e-05
-3.84413e-05
-4.18718e-05
-4.549e-05
-4.92646e-05
-5.32144e-05
-5.73294e-05
-6.16121e-05
-6.6062e-05
-7.06767e-05
-7.54399e-05
-8.03671e-05
-8.54447e-05
-9.06833e-05
-9.60724e-05
-0.000101612
-0.000107286
-0.000113107
-0.000119071
-0.000125175
-0.000131406
-0.000137775
-0.000144269
-0.000150888
-0.00015763
-0.000164484
-0.000171456
-0.000178542
-0.000185728
-0.000193016
-0.000200409
-0.000207899
-0.000215476
-0.000223139
-0.000230898
-0.000238721
-0.000246632
-0.00025461
-0.000262651
-0.000270759
-0.000278926
-0.000287148
-0.000295416
-0.000303731
-0.000312088
-0.000320487
-0.000328912
-0.00033737
-0.000345842
-0.000354343
-0.000362854
-0.000371369
-0.000379903
-0.000388428
-0.000396954
-0.000405473
-0.000413973
-0.000422467
-0.000430936
-0.000439373
-0.000447788
-0.000456166
-0.00046451
-0.00047281
-0.000481057
-0.000489251
-0.000497404
-0.000505485
-0.000513499
-0.00052146
-0.000529344
-0.00053715
-0.000544879
-0.00055252
-0.000560075
-0.000567544
-0.000574922
-0.000582194
-0.000589366
-0.000596439
-0.000603401
-0.00061025
-0.000616984
-0.000623609
-0.000630099
-0.000636477
-0.000642729
-0.000648845
-0.000654837
-0.000660697
-0.000666414
-0.000672001
-0.000677435
-0.000682731
-0.000687879
-0.000692879
-0.000697735
-0.000702436
-0.000706985
-0.000711379
-0.000715612
-0.000719697
-0.000723614
-0.000727381
-0.000730981
-0.00073442
-0.000737694
-0.000740808
-0.000743752
-0.000746544
-0.000749157
-0.000751611
-0.000753894
-0.000756016
-0.000757972
-0.000759766
-0.000761388
-0.000762846
-0.000764139
-0.000765262
-0.000766228
-0.000767026
-0.000767665
-0.000768135
-0.000768451
-0.000768607
-0.000768604
-0.000768446
-0.000768125
-0.000767653
-0.000767028
-0.000766255
-0.000765335
-0.000764253
-0.000763032
-0.000761668
-0.000760159
-0.00075852
-0.000756725
-0.00075481
-0.000752761
-0.000750573
-0.000748261
-0.000745832
-0.000743269
-0.000740584
-0.000737784
-0.000734867
-0.00073184
-0.000728706
-0.00072546
-0.000722111
-0.000718658
-0.000715114
-0.000711476
-0.000707741
-0.000703926
-0.000700022
-0.000696031
-0.000691968
-0.000687829
-0.000683618
-0.000679331
-0.000674987
-0.000670583
-0.000666115
-0.000661592
-0.000657023
-0.000652401
-0.000647731
-0.000643024
-0.000638275
-0.000633497
-0.000628679
-0.000623839
-0.000618977
-0.000614088
-0.00060918
-0.00060426
-0.000599334
-0.000594391
-0.000589451
-0.000584508
-0.000579562
-0.000574618
-0.000569688
-0.000564768
-0.000559855
-0.000554963
-0.000550091
-0.000545242
-0.000540419
-0.000535623
-0.000530856
-0.000526117
-0.000521429
-0.000516775
-0.000512158
-0.000507584
-0.00050306
-0.000498582
-0.000494157
-0.000489778
-0.000485458
-0.000481199
-0.000476992
-0.000472847
-0.000468771
-0.000464756
-0.000460806
-0.000456925
-0.000453111
-0.000449371
-0.000445703
-0.000442104
-0.000438584
-0.000435144
-0.000431776
-0.000428478
-0.000425265
-0.000422133
-0.000419082
-0.000416109
-0.000413217
-0.000410405
-0.000407686
-0.000405038
-0.00040248
-0.000400005
-0.000397609
-0.000395299
-0.000393076
-0.000390931
-0.000388869
-0.000386892
-0.000384995
-0.000383179
-0.000381444
-0.000379788
-0.000378215
-0.000376719
-0.000375303
-0.000373963
-0.000372701
-0.000371508
-0.000370393
-0.000369354
-0.000368386
-0.000367485
-0.000366658
-0.00036589
-0.000365189
-0.000364561
-0.000363988
-0.000363482
-0.000363026
-0.000362634
-0.000362302
-0.000362014
-0.000361783
-0.000361601
-0.000361469
-0.000361379
-0.000361337
-0.00036133
-0.000361371
-0.000361446
-0.000361558
-0.000361696
-0.000361871
-0.00036207
-0.000362299
-0.00036255
-0.00036282
-0.000363112
-0.000363417
-0.000363733
-0.000364073
-0.000364411
-0.000364758
-0.000365114
-0.000365465
-0.000365823
-0.000366164
-0.000366513
-0.000366847
-0.000367179
-0.000367488
-0.000367783
-0.000368072
-0.000368329
-0.00036857
-0.000368776
-0.000368965
-0.000369126
-0.000369254
-0.000369339
-0.000369396
-0.000369415
-0.000369399
-0.000369332
-0.000369224
-0.000369065
-0.000368866
-0.000368616
-0.000368307
-0.000367956
-0.000367538
-0.000367069
-0.000366538
-0.000365949
-0.000365297
-0.000364576
-0.000363802
-0.000362951
-0.000362028
-0.000361049
-0.000359994
-0.000358864
-0.000357663
-0.000356395
-0.000355042
-0.000353624
-0.000352122
-0.000350542
-0.000348891
-0.000347152
-0.000345341
-0.000343448
-0.000341478
-0.000339424
-0.000337288
-0.000335077
-0.000332776
-0.000330401
-0.000327944
-0.000325403
-0.000322782
-0.000320084
-0.000317302
-0.000314438
-0.000311496
-0.000308474
-0.000305373
-0.000302196
-0.00029894
-0.000295607
-0.000292198
-0.000288717
-0.000285159
-0.000281522
-0.000277819
-0.000274047
-0.000270206
-0.000266296
-0.000262313
-0.000258267
-0.00025416
-0.000249987
-0.000245756
-0.000241462
-0.000237113
-0.000232703
-0.000228242
-0.000223726
-0.000219163
-0.000214546
-0.000209884
-0.000205179
-0.00020043
-0.000195638
-0.00019081
-0.000185943
-0.000181043
-0.000176112
-0.000171148
-0.000166156
-0.000161137
-0.000156099
-0.00015104
-0.000145964
-0.000140868
-0.000135761
-0.000130638
-0.000125508
-0.000120372
-0.000115239
-0.000110099
-0.000104957
-9.98233e-05
-9.46955e-05
-8.95751e-05
-8.44626e-05
-7.93706e-05
-7.42869e-05
-6.92271e-05
-6.41877e-05
-5.91711e-05
-5.41802e-05
-4.92171e-05
-4.42825e-05
-3.93856e-05
-3.45246e-05
-2.96971e-05
-2.49096e-05
-2.01683e-05
-1.54679e-05
-1.08173e-05
-6.21658e-06
-1.66334e-06
2.82889e-06
7.2727e-06
1.16555e-05
1.59782e-05
2.02395e-05
2.44402e-05
2.85739e-05
3.26373e-05
3.6635e-05
4.05563e-05
4.44064e-05
4.81908e-05
5.18882e-05
5.55129e-05
5.90556e-05
6.25215e-05
6.59027e-05
6.92029e-05
7.24155e-05
7.55433e-05
7.85831e-05
8.15368e-05
8.4402e-05
8.71732e-05
8.98573e-05
9.24477e-05
9.49427e-05
9.73521e-05
9.96571e-05
0.000101874
0.000103993
0.000106022
0.000107949
0.000109783
0.000111517
0.000113157
0.000114703
0.000116147
0.000117496
0.000118749
0.000119904
0.000120965
0.000121928
0.000122794
0.000123568
0.000124245
0.000124828
0.000125322
0.00012572
0.000126023
0.00012624
0.000126364
0.000126398
0.000126347
0.000126207
0.000125981
0.000125672
0.000125276
0.000124798
0.000124241
0.000123604
0.00012289
0.000122099
0.000121236
0.000120294
0.000119286
0.000118204
0.000117057
0.000115845
0.000114569
0.000113228
0.000111828
0.000110371
0.000108857
0.00010729
0.000105671
0.000104
0.000102283
0.00010052
9.8716e-05
9.68697e-05
9.49861e-05
9.30647e-05
9.11108e-05
8.91234e-05
8.71099e-05
8.50675e-05
8.30032e-05
8.09161e-05
7.88076e-05
7.66832e-05
7.45449e-05
7.23945e-05
7.02371e-05
6.80685e-05
6.58967e-05
6.37239e-05
6.15511e-05
5.93793e-05
5.72158e-05
5.5057e-05
5.29094e-05
5.07752e-05
4.86551e-05
4.65522e-05
4.44693e-05
4.24087e-05
4.03724e-05
3.83607e-05
3.63817e-05
3.44305e-05
3.25143e-05
3.06335e-05
2.8789e-05
2.69869e-05
2.52258e-05
2.35075e-05
2.18372e-05
2.02139e-05
1.86395e-05
1.71182e-05
1.56499e-05
1.4239e-05
1.28835e-05
1.1587e-05
1.03512e-05
9.17912e-06
8.06991e-06
7.02497e-06
6.04941e-06
5.13997e-06
4.30131e-06
3.53297e-06
2.83774e-06
2.21469e-06
1.66753e-06
1.19489e-06
7.98609e-07
4.80562e-07
2.40747e-07
8.05594e-08
0
0
0
