0
2901
5522
7614
8981
9508
9166
8019
6216
3976
1563
-737
-2657
-3966
-4498
-4172
-2998
-1075
1416
4235
7107
9747
11900
13356
13984
13735
12657
10883
8619
6122
3676
1555
0
-809
-774
114
1775
4043
6687
9437
12008
14136
15602
16256
16034
14963
13161
10820
8191
5554
3187
1341
209
-91
466
1818
3816
6240
8826
11289
13360
14808
15468
15258
14188
12357
9946
7194
4378
1781
-340
-1778
-2399
-2157
-1097
645
2866
5307
7685
9726
11190
11895
11744
10727
8927
6508
3702
779
-1975
-4298
-5970
-6839
-6843
-6008
-4451
-2365
0
2365
4451
6008
6843
6839
5970
4298
1975
-779
-3702
-6508
-8927
-10727
-11744
-11895
-11190
-9726
-7685
-5307
-2866
-645
1097
2157
2399
1778
340
-1781
-4378
-7194
-9946
-12357
-14188
-15258
-15468
-14808
-13360
-11289
-8826
-6240
-3816
-1818
-466
91
-209
-1341
-3187
-5554
-8191
-10820
-13161
-14963
-16034
-16256
-15602
-14136
-12008
-9437
-6687
-4043
-1775
-114
774
809
0
-1555
-3676
-6122
-8619
-10883
-12657
-13735
-13984
-13356
-11900
-9747
-7107
-4235
-1416
1075
2998
4172
4498
3966
2657
737
-1563
-3976
-6216
-8019
-9166
-9508
-8981
-7614
-5522
-2901
0
2901
5522
7614
8981
9508
9166
8019
6216
3976
1563
-737
-2657
-3966
-4498
-4172
-2998
-1075
1416
4235
7107
9747
11900
13356
13984
13735
12657
10883
8619
6122
3676
1555
0
-809
-774
114
1775
4043
6687
9437
12008
14136
15602
16256
16034
14963
13161
10820
8191
5554
3187
1341
209
-91
466
1818
3816
6240
8826
11289
13360
14808
15468
15258
14188
12357
9946
7194
4378
1781
-340
-1778
-2399
-2157
-1097
645
2866
5307
7685
9726
11190
11895
11744
10727
8927
6508
3702
779
-1975
-4298
-5970
-6839
-6843
-6008
-4451
-2365
0
2365
4451
6008
6843
6839
5970
4298
1975
-779
-3702
-6508
-8927
-10727
-11744
-11895
-11190
-9726
-7685
-5307
-2866
-645
1097
2157
2399
1778
340
-1781
-4378
-7194
-9946
-12357
-14188
-15258
-15468
-14808
-13360
-11289
-8826
-6240
-3816
-1818
-466
91
-209
-1341
-3187
-5554
-8191
-10820
-13161
-14963
-16034
-16256
-15602
-14136
-12008
-9437
-6687
-4043
-1775
-114
774
809
0
-1555
-3676
-6122
-8619
-10883
-12657
-13735
-13984
-13356
-11900
-9747
-7107
-4235
-1416
1075
2998
4172
4498
3966
2657
737
-1563
-3976
-6216
-8019
-9166
-9508
-8981
-7614
-5522
-2901
0
2901
5522
7614
8981
9508
9166
8019
6216
3976
1563
-737
-2657
-3966
-4498
-4172
-2998
-1075
1416
4235
7107
9747
11900
13356
13984
13735
12657
10883
8619
6122
3676
1555
0
-809
-774
114
1775
4043
6687
9437
12008
14136
15602
16256
16034
14963
13161
10820
8191
5554
3187
1341
209
-91
466
1818
3816
6240
8826
11289
13360
14808
15468
15258
14188
12357
9946
7194
4378
1781
-340
-1778
-2399
-2157
-1097
645
2866
5307
7685
9726
11190
11895
11744
10727
8927
6508
3702
779
-1975
-4298
-5970
-6839
-6843
-6008
-4451
-2365
0
2365
4451
6008
6843
6839
5970
4298
1975
-779
-3702
-6508
-8927
-10727
-11744
-11895
-11190
-9726
-7685
-5307
-2866
-645
1097
2157
2399
1778
340
-1781
-4378
-7194
-9946
-12357
-14188
-15258
-15468
-14808
-13360
-11289
-8826
-6240
-3816
-1818
-466
91
-209
-1341
-3187
-5554
-8191
-10820
-13161
-14963
-16034
-16256
-15602
-14136
-12008
-9437
-6687
-4043
-1775
-114
774
809
0
-1555
-3676
-6122
-8619
-10883
-12657
-13735
-13984
-13356
-11900
-9747
-7107
-4235
-1416
1075
2998
4172
4498
3966
2657
737
-1563
-3976
-6216
-8019
-9166
-9508
-8981
-7614
-5522
-2901
0
2901
5522
7614
8981
9508
9166
8019
6216
3976
1563
-737
-2657
-3966
-4498
-4172
-2998
-1075
1416
4235
7107
9747
11900
13356
13984
13735
12657
10883
8619
6122
3676
1555
0
-809
-774
114
1775
4043
6687
9437
12008
14136
15602
16256
16034
14963
13161
10820
8191
5554
3187
1341
209
-91
466
1818
3816
6240
8826
11289
13360
14808
15468
15258
14188
12357
9946
7194
4378
1781
-340
-1778
-2399
-2157
-1097
645
2866
5307
7685
9726
11190
11895
11744
10727
8927
6508
3702
779
-1975
-4298
-5970
-6839
-6843
-6008
-4451
-2365
0
2365
4451
6008
6843
6839
5970
4298
1975
-779
-3702
-6508
-8927
-10727
-11744
-11895
-11190
-9726
-7685
-5307
-2866
-645
1097
2157
2399
1778
340
-1781
-4378
-7194
-9946
-12357
-14188
-15258
-15468
-14808
-13360
-11289
-8826
-6240
-3816
-1818
-466
91
-209
-1341
-3187
-5554
-8191
-10820
-13161
-14963
-16034
-16256
-15602
-14136
-12008
-9437
-6687
-4043
-1775
-114
774
809
0
-1555
-3676
-6122
-8619
-10883
-12657
-13735
-13984
-13356
-11900
-9747
-7107
-4235
-1416
1075
2998
4172
4498
3966
2657
737
-1563
-3976
-6216
-8019
-9166
-9508
-8981
-7614
-5522
-2901
0
2901
5522
7614
8981
9508
9166
8019
6216
3976
1563
-737
-2657
-3966
-4498
-4172
-2998
-1075
1416
4235
7107
9747
11900
13356
13984
13735
12657
10883
8619
6122
3676
1555
0
-809
-774
114
1775
4043
6687
9437
12008
14136
15602
16256
16034
14963
13161
10820
8191
5554
3187
1341
209
-91
466
1818
3816
6240
8826
11289
13360
14808
15468
15258
14188
12357
9946
7194
4378
1781
-340
-1778
-2399
-2157
-1097
645
2866
5307
7685
9726
11190
11895
11744
10727
8927
6508
3702
779
-1975
-4298
-5970
-6839
-6843
-6008
-4451
-2365
0
2365
4451
6008
6843
6839
5970
4298
1975
-779
-3702
-6508
-8927
-10727
-11744
-11895
-11190
-9726
-7685
-5307
-2866
-645
1097
2157
2399
1778
340
-1781
-4378
-7194
-9946
-12357
-14188
-15258
-15468
-14808
-13360
-11289
-8826
-6240
-3816
-1818
-466
91
-209
-1341
-3187
-5554
-8191
-10820
-13161
-14963
-16034
-16256
-15602
-14136
-12008
-9437
-6687
-4043
-1775
-114
774
809
0
-1555
-3676
-6122
-8619
-10883
-12657
-13735
-13984
-13356
-11900
-9747
-7107
-4235
-1416
1075
2998
4172
4498
3966
2657
737
-1563
-3976
-6216
-8019
-9166
-9508
-8981
-7614
-5522
-2901
0
2901
5522
7614
8981
9508
9166
8019
6216
3976
1563
-737
-2657
-3966
-4498
-4172
-2998
-1075
1416
4235
7107
9747
11900
13356
13984
13735
12657
10883
8619
6122
3676
1555
0
-809
-774
114
1775
4043
6687
9437
