0.000000
0.088540
0.168541
0.232372
0.274113
0.290189
0.279742
0.244729
0.189705
0.121344
0.047728
-0.022510
-0.081106
-0.121041
-0.137289
-0.127347
-0.091506
-0.032819
0.043222
0.129269
0.216895
0.297491
0.363175
0.407631
0.426777
0.419199
0.386298
0.332145
0.263043
0.186861
0.112197
0.047464
0.000000
-0.024716
-0.023643
0.003498
0.054193
0.123404
0.204101
0.288008
0.366481
0.431429
0.476166
0.496126
0.489343
0.456664
0.401655
0.330226
0.250000
0.169506
0.097274
0.040929
0.006380
-0.002804
0.014226
0.055509
0.116481
0.190462
0.269364
0.344549
0.407747
0.451934
0.472079
0.465677
0.433013
0.377137
0.303538
0.219562
0.133634
0.054360
-0.010378
-0.054267
-0.073223
-0.065834
-0.033502
0.019706
0.087486
0.161970
0.234563
0.296853
0.341506
0.363046
0.358433
0.327395
0.272448
0.198635
0.112991
0.023799
-0.060295
-0.131191
-0.182197
-0.208741
-0.208850
-0.183363
-0.135840
-0.072180
-0.000000
0.072180
0.135840
0.183363
0.208850
0.208741
0.182197
0.131191
0.060295
-0.023799
-0.112991
-0.198635
-0.272448
-0.327395
-0.358433
-0.363046
-0.341506
-0.296853
-0.234563
-0.161970
-0.087486
-0.019706
0.033502
0.065834
0.073223
0.054267
0.010378
-0.054360
-0.133634
-0.219562
-0.303538
-0.377137
-0.433013
-0.465677
-0.472079
-0.451934
-0.407747
-0.344549
-0.269364
-0.190462
-0.116481
-0.055509
-0.014226
0.002804
-0.006380
-0.040929
-0.097274
-0.169506
-0.250000
-0.330226
-0.401655
-0.456664
-0.489343
-0.496126
-0.476166
-0.431429
-0.366481
-0.288008
-0.204101
-0.123404
-0.054193
-0.003498
0.023643
0.024716
0.000000
-0.047464
-0.112197
-0.186861
-0.263043
-0.332145
-0.386298
-0.419199
-0.426777
-0.407631
-0.363175
-0.297491
-0.216895
-0.129269
-0.043222
0.032819
0.091506
0.127347
0.137289
0.121041
0.081106
0.022510
-0.047728
-0.121344
-0.189705
-0.244729
-0.279742
-0.290189
-0.274113
-0.232372
-0.168541
-0.088540
-0.000000
0.088540
0.168541
0.232372
0.274113
0.290189
0.279742
0.244729
0.189705
0.121344
0.047728
-0.022510
-0.081106
-0.121041
-0.137289
-0.127347
-0.091506
-0.032819
0.043222
0.129269
0.216895
0.297491
0.363175
0.407631
0.426777
0.419199
0.386298
0.332145
0.263043
0.186861
0.112197
0.047464
0.000000
-0.024716
-0.023643
0.003498
0.054193
0.123404
0.204101
0.288008
0.366481
0.431429
0.476166
0.496126
0.489343
0.456664
0.401655
0.330226
0.250000
0.169506
0.097274
0.040929
0.006380
-0.002804
0.014226
0.055509
0.116481
0.190462
0.269364
0.344549
0.407747
0.451934
0.472079
0.465677
0.433013
0.377137
0.303538
0.219562
0.133634
0.054360
-0.010378
-0.054267
-0.073223
-0.065834
-0.033502
0.019706
0.087486
0.161970
0.234563
0.296853
0.341506
0.363046
0.358433
0.327395
0.272448
0.198635
0.112991
0.023799
-0.060295
-0.131191
-0.182197
-0.208741
-0.208850
-0.183363
-0.135840
-0.072180
-0.000000
0.072180
0.135840
0.183363
0.208850
0.208741
0.182197
0.131191
0.060295
-0.023799
-0.112991
-0.198635
-0.272448
-0.327395
-0.358433
-0.363046
-0.341506
-0.296853
-0.234563
-0.161970
-0.087486
-0.019706
0.033502
0.065834
0.073223
0.054267
0.010378
-0.054360
-0.133634
-0.219562
-0.303538
-0.377137
-0.433013
-0.465677
-0.472079
-0.451934
-0.407747
-0.344549
-0.269364
-0.190462
-0.116481
-0.055509
-0.014226
0.002804
-0.006380
-0.040929
-0.097274
-0.169506
-0.250000
-0.330226
-0.401655
-0.456664
-0.489343
-0.496126
-0.476166
-0.431429
-0.366481
-0.288008
-0.204101
-0.123404
-0.054193
-0.003498
0.023643
0.024716
0.000000
-0.047464
-0.112197
-0.186861
-0.263043
-0.332145
-0.386298
-0.419199
-0.426777
-0.407631
-0.363175
-0.297491
-0.216895
-0.129269
-0.043222
0.032819
0.091506
0.127347
0.137289
0.121041
0.081106
0.022510
-0.047728
-0.121344
-0.189705
-0.244729
-0.279742
-0.290189
-0.274113
-0.232372
-0.168541
-0.088540
-0.000000
0.088540
0.168541
0.232372
0.274113
0.290189
0.279742
0.244729
0.189705
0.121344
0.047728
-0.022510
-0.081106
-0.121041
-0.137289
-0.127347
-0.091506
-0.032819
0.043222
0.129269
0.216895
0.297491
0.363175
0.407631
0.426777
0.419199
0.386298
0.332145
0.263043
0.186861
0.112197
0.047464
0.000000
-0.024716
-0.023643
0.003498
0.054193
0.123404
0.204101
0.288008
0.366481
0.431429
0.476166
0.496126
0.489343
0.456664
0.401655
0.330226
0.250000
0.169506
0.097274
0.040929
0.006380
-0.002804
0.014226
0.055509
0.116481
0.190462
0.269364
0.344549
0.407747
0.451934
0.472079
0.465677
0.433013
0.377137
0.303538
0.219562
0.133634
0.054360
-0.010378
-0.054267
-0.073223
-0.065834
-0.033502
0.019706
0.087486
0.161970
0.234563
0.296853
0.341506
0.363046
0.358433
0.327395
0.272448
0.198635
0.112991
0.023799
-0.060295
-0.131191
-0.182197
-0.208741
-0.208850
-0.183363
-0.135840
-0.072180
-0.000000
0.072180
0.135840
0.183363
0.208850
0.208741
0.182197
0.131191
0.060295
-0.023799
-0.112991
-0.198635
-0.272448
-0.327395
-0.358433
-0.363046
-0.341506
-0.296853
-0.234563
-0.161970
-0.087486
-0.019706
0.033502
0.065834
0.073223
0.054267
0.010378
-0.054360
-0.133634
-0.219562
-0.303538
-0.377137
-0.433013
-0.465677
-0.472079
-0.451934
-0.407747
-0.344549
-0.269364
-0.190462
-0.116481
-0.055509
-0.014226
0.002804
-0.006380
-0.040929
-0.097274
-0.169506
-0.250000
-0.330226
-0.401655
-0.456664
-0.489343
-0.496126
-0.476166
-0.431429
-0.366481
-0.288008
-0.204101
-0.123404
-0.054193
-0.003498
0.023643
0.024716
0.000000
-0.047464
-0.112197
-0.186861
-0.263043
-0.332145
-0.386298
-0.419199
-0.426777
-0.407631
-0.363175
-0.297491
-0.216895
-0.129269
-0.043222
0.032819
0.091506
0.127347
0.137289
0.121041
0.081106
0.022510
-0.047728
-0.121344
-0.189705
-0.244729
-0.279742
-0.290189
-0.274113
-0.232372
-0.168541
-0.088540
-0.000000
0.088540
0.168541
0.232372
0.274113
0.290189
0.279742
0.244729
0.189705
0.121344
0.047728
-0.022510
-0.081106
-0.121041
-0.137289
-0.127347
-0.091506
-0.032819
0.043222
0.129269
0.216895
0.297491
0.363175
0.407631
0.426777
0.419199
0.386298
0.332145
0.263043
0.186861
0.112197
0.047464
0.000000
-0.024716
-0.023643
0.003498
0.054193
0.123404
0.204101
0.288008
0.366481
0.431429
0.476166
0.496126
0.489343
0.456664
0.401655
0.330226
0.250000
0.169506
0.097274
0.040929
0.006380
-0.002804
0.014226
0.055509
0.116481
0.190462
0.269364
0.344549
0.407747
0.451934
0.472079
0.465677
0.433013
0.377137
0.303538
0.219562
0.133634
0.054360
-0.010378
-0.054267
-0.073223
-0.065834
-0.033502
0.019706
0.087486
0.161970
0.234563
0.296853
0.341506
0.363046
0.358433
0.327395
0.272448
0.198635
0.112991
0.023799
-0.060295
-0.131191
-0.182197
-0.208741
-0.208850
-0.183363
-0.135840
-0.072180
-0.000000
0.072180
0.135840
0.183363
0.208850
0.208741
0.182197
0.131191
0.060295
-0.023799
-0.112991
-0.198635
-0.272448
-0.327395
-0.358433
-0.363046
-0.341506
-0.296853
-0.234563
-0.161970
-0.087486
-0.019706
0.033502
0.065834
0.073223
0.054267
0.010378
-0.054360
-0.133634
-0.219562
-0.303538
-0.377137
-0.433013
-0.465677
-0.472079
-0.451934
-0.407747
-0.344549
-0.269364
-0.190462
-0.116481
-0.055509
-0.014226
0.002804
-0.006380
-0.040929
-0.097274
-0.169506
-0.250000
-0.330226
-0.401655
-0.456664
-0.489343
-0.496126
-0.476166
-0.431429
-0.366481
-0.288008
-0.204101
-0.123404
-0.054193
-0.003498
0.023643
0.024716
0.000000
-0.047464
-0.112197
-0.186861
-0.263043
-0.332145
-0.386298
-0.419199
-0.426777
-0.407631
-0.363175
-0.297491
-0.216895
-0.129269
-0.043222
0.032819
0.091506
0.127347
0.137289
0.121041
0.081106
0.022510
-0.047728
-0.121344
-0.189705
-0.244729
-0.279742
-0.290189
-0.274113
-0.232372
-0.168541
-0.088540
-0.000000
0.088540
0.168541
0.232372
0.274113
0.290189
0.279742
0.244729
0.189705
0.121344
0.047728
-0.022510
-0.081106
-0.121041
-0.137289
-0.127347
-0.091506
-0.032819
0.043222
0.129269
0.216895
0.297491
0.363175
0.407631
0.426777
0.419199
0.386298
0.332145
0.263043
0.186861
0.112197
0.047464
0.000000
-0.024716
-0.023643
0.003498
0.054193
0.123404
0.204101
0.288008
0.366481
0.431429
0.476166
0.496126
0.489343
0.456664
0.401655
0.330226
0.250000
0.169506
0.097274
0.040929
0.006380
-0.002804
0.014226
0.055509
0.116481
0.190462
0.269364
0.344549
0.407747
0.451934
0.472079
0.465677
0.433013
0.377137
0.303538
0.219562
0.133634
0.054360
-0.010378
-0.054267
-0.073223
-0.065834
-0.033502
0.019706
0.087486
0.161970
0.234563
0.296853
0.341506
0.363046
0.358433
0.327395
0.272448
0.198635
0.112991
0.023799
-0.060295
-0.131191
-0.182197
-0.208741
-0.208850
-0.183363
-0.135840
-0.072180
-0.000000
0.072180
0.135840
0.183363
0.208850
0.208741
0.182197
0.131191
0.060295
-0.023799
-0.112991
-0.198635
-0.272448
-0.327395
-0.358433
-0.363046
-0.341506
-0.296853
-0.234563
-0.161970
-0.087486
-0.019706
0.033502
0.065834
0.073223
0.054267
0.010378
-0.054360
-0.133634
-0.219562
-0.303538
-0.377137
-0.433013
-0.465677
-0.472079
-0.451934
-0.407747
-0.344549
-0.269364
-0.190462
-0.116481
-0.055509
-0.014226
0.002804
-0.006380
-0.040929
-0.097274
-0.169506
-0.250000
-0.330226
-0.401655
-0.456664
-0.489343
-0.496126
-0.476166
-0.431429
-0.366481
-0.288008
-0.204101
-0.123404
-0.054193
-0.003498
0.023643
0.024716
0.000000
-0.047464
-0.112197
-0.186861
-0.263043
-0.332145
-0.386298
-0.419199
-0.426777
-0.407631
-0.363175
-0.297491
-0.216895
-0.129269
-0.043222
0.032819
0.091506
0.127347
0.137289
0.121041
0.081106
0.022510
-0.047728
-0.121344
-0.189705
-0.244729
-0.279742
-0.290189
-0.274113
-0.232372
-0.168541
-0.088540
-0.000000
0.088540
0.168541
0.232372
0.274113
0.290189
0.279742
0.244729
0.189705
0.121344
0.047728
-0.022510
-0.081106
-0.121041
-0.137289
-0.127347
-0.091506
-0.032819
0.043222
0.129269
0.216895
0.297491
0.363175
0.407631
0.426777
0.419199
0.386298
0.332145
0.263043
0.186861
0.112197
0.047464
0.000000
-0.024716
-0.023643
0.003498
0.054193
0.123404
0.204101
0.288008
