0
0
12
75
217
453
781
1185
1637
2101
2538
2912
3191
3352
3386
3297
3102
2831
2521
2216
1959
1789
1738
1826
2058
2426
2906
3465
4061
4649
5185
5633
5963
6161
6224
6164
6008
5792
5557
5346
5199
5151
5223
5423
5746
6172
6669
7198
7716
8179
8550
8799
8909
8876
8709
8434
8084
7701
7329
7009
6777
6660
6670
6803
7043
7362
7721
8077
8386
8608
8713
8681
8505
8193
7766
7259
6713
6172
5679
5270
4972
4800
4755
4825
4983
5193
5412
5596
5704
5703
5570
5297
4889
4366
3760
3110
2459
1851
1324
909
622
467
435
502
633
787
920
989
959
806
518
99
-435
-1056
-1724
-2395
-3026
-3577
-4016
-4323
-4491
-4528
-4454
-4304
-4118
-3939
-3808
-3764
-3835
-4034
-4361
-4803
-5333
-5915
-6506
-7062
-7542
-7911
-8146
-8238
-8191
-8025
-7772
-7471
-7165
-6898
-6707
-6622
-6660
-6825
-7105
-7476
-7903
-8345
-8758
-9099
-9333
-9436
-9396
-9216
-8912
-8513
-8056
-7584
-7141
-6767
-6493
-6341
-6317
-6413
-6608
-6868
-7153
-7419
-7625
-7732
-7712
-7552
-7252
-6825
-6298
-5707
-5095
-4506
-3981
-3555
-3249
-3074
-3026
-3085
-3220
-3392
-3559
-3677
-3707
-3621
-3400
-3042
-2557
-1970
-1316
-637
23
621
1121
1498
1740
1850
1844
1750
1604
1449
1329
1284
1346
1535
1856
2301
2849
3465
4108
4734
5300
5770
6117
6326
6396
6339
6182
5961
5719
5500
5345
5287
5349
5539
5852
6268
6756
7277
7787
8242
8605
8846
8948
8907
8734
8453
8098
7711
7335
7011
6775
6654
6660
6790
7028
7345
7702
8056
8365
8587
8693
8663
8489
8179
7754
7249
6704
6163
5670
5261
4963
4791
4746
4816
4974
5184
5403
5587
5695
5694
5561
5288
4880
4357
3751
3101
2450
1842
1315
900
613
458
426
493
624
778
911
980
950
797
509
90
-443
-1062
-1729
-2400
-3031
-3582
-4021
-4328
-4496
-4533
-4459
-4309
-4123
-3944
-3813
-3769
-3840
-4039
-4366
-4808
-5338
-5920
-6511
-7067
-7547
-7916
-8151
-8243
-8196
-8030
-7777
-7476
-7170
-6903
-6712
-6627
-6665
-6830
-7110
-7481
-7908
-8350
-8763
-9104
-9338
-9441
-9401
-9221
-8917
-8518
-8061
-7589
-7146
-6772
-6498
-6346
-6322
-6418
-6613
-6873
-7158
-7424
-7630
-7737
-7717
-7557
-7257
-6830
-6303
-5712
-5100
-4511
-3986
-3560
-3254
-3079
-3031
-3090
-3224
-3394
-3559
-3676
-3706
-3620
-3399
-3041
-2556
-1969
-1315
-636
24
622
1122
1499
1741
1849
1841
1745
1597
1441
1321
1276
1338
1527
1848
2293
2841
3457
4101
4729
5297
5769
6118
6328
6398
6341
6184
5963
5721
5502
5347
5289
5351
5541
5854
6270
6758
7279
7789
8244
8607
8848
8950
8909
8736
8455
8100
7713
7337
7013
6777
6656
6662
6792
7030
7347
7704
8058
8367
8589
8695
8663
8488
8178
7753
7248
6703
6162
5669
5260
4962
4790
4745
4815
4973
5183
5402
5586
5694
5693
5560
5287
4879
4356
3750
3100
2449
1841
1314
899
612
457
425
492
623
777
910
980
952
801
515
98
-434
-1053
-1720
-2391
-3022
-3573
-4012
-4319
-4487
-4524
-4450
-4300
-4114
-3935
-3805
-3763
-3836
-4037
-4366
-4810
-5342
-5926
-6518
-7074
-7554
-7923
-8158
-8250
-8203
-8037
-7784
-7483
-7177
-6908
-6715
-6628
-6664
-6827
-7105
-7474
-7899
-8339
-8750
-9090
-9324
-9427
-9387
-9207
-8903
-8504
-8049
-7579
-7138
-6766
-6494
-6342
-6318
-6414
-6609
-6869
-7154
-7420
-7626
-7733
-7713
-7553
-7253
-6826
-6299
-5708
-5096
-4507
-3982
-3556
-3250
-3075
-3027
-3086
-3221
-3393
-3560
-3678
-3708
-3622
-3401
-3043
-2558
-1971
-1317
-638
22
620
1120
1497
1739
1849
1843
1749
1603
1448
1328
1283
1345
1534
1855
2300
2848
3464
4107
4733
5299
5769
6116
6325
6395
6338
6181
5960
5718
5499
5344
5286
5348
5538
5851
6267
6755
7276
7786
8241
8604
8845
8947
8906
8733
8452
8097
7710
7334
7010
6774
6653
6659
6789
7027
7344
7701
8055
8364
8586
8692
8662
8488
8178
7753
7248
6703
6162
5669
5260
4962
4790
4745
4815
4973
5183
5402
5586
5694
5693
5560
5287
4879
4356
3750
3100
2449
1841
1314
899
612
457
425
492
623
777
910
980
952
801
515
98
-434
-1053
-1720
-2391
-3022
-3573
-4012
-4319
-4487
-4524
-4450
-4300
-4114
-3935
-3805
-3763
-3836
-4037
-4366
-4810
-5342
-5926
-6518
-7074
-7554
-7923
-8158
-8250
-8203
-8037
-7784
-7483
-7177
-6908
-6715
-6628
-6664
-6827
-7105
-7474
-7899
-8339
-8750
-9090
-9324
-9427
-9387
-9207
-8903
-8504
-8049
-7579
-7138
-6766
-6494
-6342
-6318
-6414
-6609
-6869
-7154
-7420
-7626
-7733
-7713
-7553
-7253
-6826
-6299
-5708
-5096
-4507
-3982
-3556
-3250
-3075
-3027
-3086
-3221
-3393
-3560
-3678
-3708
-3622
-3401
-3043
-2558
-1971
-1317
-638
22
620
1120
1497
1739
1849
1843
1749
1603
1448
1328
1283
1345
1534
1855
2300
2848
3464
4107
4733
5299
5769
6116
6325
6395
6338
6181
5960
5718
5499
5344
5286
5348
5538
5851
6267
6755
7276
7786
8241
8604
8845
8947
8906
8733
8452
8097
7710
7334
7010
6774
6653
6659
6789
7027
7344
7701
8055
8364
8586
8692
8662
8488
8178
7753
7248
6703
6162
5669
5260
4962
4790
4745
4815
4973
5183
5402
5586
5694
5693
5560
5287
4879
4356
3750
3100
2449
1841
1314
899
612
457
425
492
623
777
910
980
952
801
515
98
-434
-1053
-1720
-2391
-3022
-3573
-4012
-4319
-4487
-4524
-4450
-4300
-4114
-3935
-3805
-3763
-3836
-4037
-4366
-4810
-5342
-5926
-6518
-7074
-7554
-7923
-8158
-8250
-8203
-8037
-7784
-7483
-7177
-6908
-6715
-6628
-6664
-6827
-7105
-7474
-7899
-8339
-8750
-9090
-9324
-9427
-9387
-9207
-8903
-8504
-8049
-7579
-7138
-6766
-6494
-6342
-6318
-6414
-6609
-6869
-7154
-7420
-7626
-7733
-7713
-7553
-7253
-6826
-6299
-5708
-5096
-4507
-3982
-3556
-3250
-3075
-3027
-3086
-3221
-3393
-3560
-3678
-3708
-3622
-3401
-3043
-2558
-1971
-1317
-638
22
620
1120
1497
1739
1849
1843
1749
1603
1448
1328
1283
1345
1534
1855
2300
2848
3464
4107
4733
5299
5769
6116
6325
6395
6338
6181
5960
5718
5499
