0
2
35
135
323
606
975
1407
1870
2325
2735
3065
3287
3385
3356
3211
2974
2678
2365
2079
1861
1747
1764
1924
2226
2654
3178
3761
4359
4926
5422
5814
6079
6209
6208
6096
5905
5674
5446
5262
5161
5171
5307
5570
5948
6414
6932
7461
7957
8378
8691
8872
8910
8808
8583
8266
7894
7511
7160
6880
6703
6649
6722
6911
7195
7539
7902
8240
8510
8677
8715
8611
8365
7992
7520
6988
6439
5917
5462
5106
4870
4762
4777
4895
5084
5304
5511
5662
5719
5654
5451
5109
4640
4071
3438
2782
2147
1575
1101
749
528
437
458
562
710
859
965
988
899
679
324
-155
-737
-1387
-2062
-2718
-3314
-3812
-4187
-4424
-4525
-4503
-4386
-4213
-4025
-3865
-3773
-3784
-3918
-4182
-4569
-5059
-5620
-6212
-6791
-7314
-7742
-8046
-8210
-8231
-8121
-7907
-7625
-7316
-7024
-6791
-6650
-6625
-6727
-6952
-7281
-7685
-8125
-8558
-8940
-9231
-9402
-9434
-9323
-9078
-8722
-8289
-7819
-7356
-6943
-6616
-6401
-6313
-6351
-6500
-6732
-7010
-7291
-7532
-7693
-7739
-7650
-7419
-7053
-6572
-6008
-5401
-4795
-4233
-3754
-3386
-3145
-3035
-3044
-3145
-3304
-3479
-3627
-3705
-3680
-3528
-3238
-2814
-2274
-1649
-977
-302
332
885
1326
1636
1811
1860
1806
1681
1525
1382
1295
1300
1424
1679
2064
2564
3151
3786
4426
5027
5549
5960
6239
6378
6382
6271
6077
5840
5604
5412
5302
5302
5428
5681
6049
6505
7015
7536
8024
8437
8742
8915
8945
8836
8605
8282
7906
7519
7164
6880
6699
6641
6710
6897
7179
7521
7882
8219
8489
8656
8696
8594
8350
7979
7509
6979
6430
5908
5453
5097
4861
4753
4768
4886
5075
5295
5502
5653
5710
5645
5442
5100
4631
4062
3429
2773
2138
1566
1092
740
519
428
449
553
701
850
956
979
890
670
315
-164
-744
-1392
-2067
-2723
-3319
-3817
-4192
-4429
-4530
-4508
-4391
-4218
-4030
-3870
-3778
-3789
-3923
-4187
-4574
-5064
-5625
-6217
-6796
-7319
-7747
-8051
-8215
-8236
-8126
-7912
-7630
-7321
-7029
-6796
-6655
-6630
-6732
-6957
-7286
-7690
-8130
-8563
-8945
-9236
-9407
-9439
-9328
-9083
-8727
-8294
-7824
-7361
-6948
-6621
-6406
-6318
-6356
-6505
-6737
-7015
-7296
-7537
-7698
-7744
-7655
-7424
-7058
-6577
-6013
-5406
-4800
-4238
-3759
-3391
-3150
-3040
-3049
-3150
-3307
-3480
-3626
-3704
-3679
-3527
-3237
-2813
-2273
-1648
-976
-301
333
886
1327
1637
1811
1858
1802
1675
1517
1374
1287
1292
1416
1671
2056
2556
3143
3778
4420
5023
5547
5960
6241
6380
6384
6273
6079
5842
5606
5414
5304
5304
5430
5683
6051
6507
7017
7538
8026
8439
8744
8917
8947
8838
8607
8284
7908
7521
7166
6882
6701
6643
6712
6899
7181
7523
7884
8221
8491
8658
8697
8593
8349
7978
7508
6978
6429
5907
5452
5096
4860
4752
4767
4885
5074
5294
5501
5652
5709
5644
5441
5099
4630
4061
3428
2772
2137
1565
1091
739
518
427
448
552
700
849
955
980
893
675
322
-155
-735
-1383
-2058
-2714
-3310
-3808
-4183
-4420
-4521
-4499
-4382
-4209
-4021
-3861
-3771
-3784
-3920
-4186
-4575
-5067
-5630
-6224
-6803
-7326
-7754
-8058
-8222
-8243
-8133
-7919
-7637
-7328
-7035
-6800
-6657
-6630
-6730
-6953
-7280
-7682
-8120
-8551
-8931
-9222
-9393
-9425
-9314
-9069
-8713
-8281
-7813
-7352
-6941
-6616
-6402
-6314
-6352
-6501
-6733
-7011
-7292
-7533
-7694
-7740
-7651
-7420
-7054
-6573
-6009
-5402
-4796
-4234
-3755
-3387
-3146
-3036
-3045
-3146
-3305
-3480
-3628
-3706
-3681
-3529
-3239
-2815
-2275
-1650
-978
-303
331
884
1325
1635
1810
1859
1805
1680
1524
1381
1294
1299
1423
1678
2063
2563
3150
3785
4425
5026
5548
5959
6238
6377
6381
6270
6076
5839
5603
5411
5301
5301
5427
5680
6048
6504
7014
7535
8023
8436
8741
8914
8944
8835
8604
8281
7905
7518
7163
6879
6698
6640
6709
6896
7178
7520
7881
8218
8488
8655
8695
8593
8349
7978
7508
6978
6429
5907
5452
5096
4860
4752
4767
4885
5074
5294
5501
5652
5709
5644
5441
5099
4630
4061
3428
2772
2137
1565
1091
739
518
427
448
552
700
849
955
980
893
675
322
-155
-735
-1383
-2058
-2714
-3310
-3808
-4183
-4420
-4521
-4499
-4382
-4209
-4021
-3861
-3771
-3784
-3920
-4186
-4575
-5067
-5630
-6224
-6803
-7326
-7754
-8058
-8222
-8243
-8133
-7919
-7637
-7328
-7035
-6800
-6657
-6630
-6730
-6953
-7280
-7682
-8120
-8551
-8931
-9222
-9393
-9425
-9314
-9069
-8713
-8281
-7813
-7352
-6941
-6616
-6402
-6314
-6352
-6501
-6733
-7011
-7292
-7533
-7694
-7740
-7651
-7420
-7054
-6573
-6009
-5402
-4796
-4234
-3755
-3387
-3146
-3036
-3045
-3146
-3305
-3480
-3628
-3706
-3681
-3529
-3239
-2815
-2275
-1650
-978
-303
331
884
1325
1635
1810
1859
1805
1680
1524
1381
1294
1299
1423
1678
2063
2563
3150
3785
4425
5026
5548
5959
6238
6377
6381
6270
6076
5839
5603
5411
5301
5301
5427
5680
6048
6504
7014
7535
8023
8436
8741
8914
8944
8835
8604
8281
7905
7518
7163
6879
6698
6640
6709
6896
7178
7520
7881
8218
8488
8655
8695
8593
8349
7978
7508
6978
6429
5907
5452
5096
4860
4752
4767
4885
5074
5294
5501
5652
5709
5644
5441
5099
4630
4061
3428
2772
2137
1565
1091
739
518
427
448
552
700
849
955
980
893
675
322
-155
-735
-1383
-2058
-2714
-3310
-3808
-4183
-4420
-4521
-4499
-4382
-4209
-4021
-3861
-3771
-3784
-3920
-4186
-4575
-5067
-5630
-6224
-6803
-7326
-7754
-8058
-8222
-8243
-8133
-7919
-7637
-7328
-7035
-6800
-6657
-6630
-6730
-6953
-7280
-7682
-8120
-8551
-8931
-9222
-9393
-9425
-9314
-9069
-8713
-8281
-7813
-7352
-6941
-6616
-6402
-6314
-6352
-6501
-6733
-7011
-7292
-7533
-7694
-7740
-7651
-7420
-7054
-6573
-6009
-5402
-4796
-4234
-3755
-3387
-3146
-3036
-3045
-3146
-3305
-3480
-3628
-3706
-3681
-3529
-3239
-2815
-2275
-1650
-978
-303
331
884
1325
1635
1810
1859
1805
1680
1524
1381
1294
1299
1423
1678
2063
2563
3150
3785
4425
5026
5548
5959
6238
6377
6381
6270
6076
5839
5603
5411
