0
2
17
52
114
206
327
473
636
807
976
1132
1267
1375
1452
1499
1520
1521
1511
1503
1506
1532
1589
1682
1814
1983
2185
2411
2651
2893
3128
3345
3536
3696
3824
3923
3999
4059
4114
4175
4252
4354
4486
4651
4848
5072
5317
5571
5824
6064
6281
6467
6616
6727
6801
6843
6862
6867
6869
6878
6905
6955
7032
7136
7263
7406
7556
7703
7834
7940
8011
8043
8033
7982
7894
7779
7645
7503
7365
7240
7135
7056
7003
6973
6960
6955
6949
6930
6888
6813
6700
6547
6353
6123
5864
5586
5301
5020
4752
4506
4287
4097
3934
3793
3666
3543
3413
3265
3091
2884
2640
2359
2046
1708
1352
992
638
301
-10
-291
-537
-751
-936
-1101
-1254
-1406
-1569
-1751
-1960
-2200
-2471
-2770
-3092
-3426
-3763
-4090
-4398
-4676
-4919
-5123
-5288
-5419
-5522
-5607
-5685
-5766
-5860
-5975
-6116
-6285
-6478
-6691
-6915
-7139
-7353
-7545
-7707
-7830
-7912
-7951
-7953
-7922
-7869
-7803
-7737
-7679
-7640
-7623
-7633
-7666
-7719
-7784
-7851
-7908
-7945
-7953
-7924
-7853
-7740
-7588
-7403
-7194
-6971
-6746
-6529
-6329
-6154
-6005
-5884
-5784
-5700
-5623
-5541
-5443
-5320
-5164
-4971
-4738
-4468
-4168
-3844
-3509
-3172
-2846
-2540
-2261
-2012
-1795
-1606
-1438
-1284
-1131
-970
-791
-584
-346
-73
231
564
916
1277
1636
1982
2304
2596
2851
3070
3255
3412
3548
3675
3803
3943
4103
4289
4504
4747
5014
5298
5588
5873
6143
6387
6597
6767
6896
6986
7043
7073
7088
7099
7115
7147
7200
7279
7384
7511
7653
7802
7945
8073
8175
8242
8268
8252
8195
8101
7979
7837
7689
7543
7411
7299
7212
7152
7114
7094
7082
7069
7043
6994
6913
6794
6634
6433
6197
5933
5650
5360
5073
4800
4550
4327
4133
3966
3821
3691
3565
3431
3281
3104
2894
2648
2365
2050
1710
1353
991
636
297
-15
-297
-544
-759
-944
-1109
-1263
-1416
-1579
-1761
-1971
-2210
-2482
-2781
-3103
-3437
-3773
-4101
-4408
-4686
-4929
-5132
-5297
-5428
-5531
-5616
-5693
-5774
-5868
-5983
-6123
-6292
-6485
-6697
-6921
-7145
-7358
-7550
-7711
-7834
-7916
-7955
-7956
-7925
-7872
-7806
-7739
-7682
-7642
-7625
-7634
-7668
-7721
-7785
-7852
-7909
-7946
-7954
-7924
-7853
-7741
-7588
-7403
-7194
-6971
-6746
-6529
-6329
-6154
-6005
-5883
-5784
-5700
-5622
-5540
-5443
-5320
-5164
-4970
-4737
-4468
-4167
-3844
-3508
-3172
-2846
-2540
-2260
-2012
-1795
-1605
-1438
-1283
-1131
-970
-790
-584
-345
-73
231
564
916
1277
1636
1982
2304
2596
2852
3071
3255
3412
3548
3675
3803
3943
4103
4289
4504
4747
5014
5298
5588
5873
6143
6387
6597
6767
6896
6986
7043
7073
7088
7099
7115
7147
7200
7279
7384
7511
7653
7802
7945
8073
8175
8242
8268
8252
8195
8101
7979
7837
7689
7543
7411
7299
7212
7151
7114
7094
7082
7069
7043
6994
6913
6794
6633
6433
6197
5933
5650
5360
5073
4800
4550
4327
4133
3966
3821
3691
3565
3431
3281
3104
2894
2648
2365
2050
1710
1353
991
636
297
-15
-297
-544
-759
-944
-1109
-1263
-1416
-1579
-1761
-1971
-2210
-2482
-2781
-3103
-3437
-3773
-4101
-4408
-4686
-4929
-5132
-5297
-5428
-5531
-5616
-5693
-5774
-5868
-5983
-6124
-6292
-6485
-6697
-6921
-7145
-7358
-7550
-7711
-7834
-7916
-7955
-7956
-7925
-7872
-7806
-7739
-7682
-7642
-7625
-7634
-7668
-7721
-7785
-7852
-7909
-7946
-7954
-7924
-7853
-7741
-7588
-7403
-7194
-6971
-6746
-6529
-6329
-6154
-6005
-5883
-5784
-5700
-5622
-5540
-5443
-5320
-5164
-4970
-4737
-4468
-4167
-3844
-3508
-3172
-2846
-2540
-2260
-2012
-1795
-1605
-1438
-1283
-1131
-970
-790
-584
-345
-73
231
564
916
1277
1636
1982
2304
2596
2852
3071
3255
3412
3548
3675
3803
3943
4103
4289
4504
4747
5014
5298
5588
5873
6143
6387
6597
6767
6896
6986
7043
7073
7088
7099
7115
7147
7200
7279
7384
7511
7653
7802
7945
8073
8175
8242
8268
8252
8195
8101
7979
7837
7689
7543
7411
7299
7212
7151
7114
7094
7082
7069
7043
6994
6913
6794
6634
6433
6197
5933
5650
5360
5073
4800
4550
4327
4133
3966
3821
3691
3565
3431
3281
3104
2894
2648
2365
2050
1710
1353
991
636
297
-15
-297
-544
-759
-944
-1109
-1263
-1416
-1579
-1761
-1971
-2210
-2482
-2781
-3103
-3437
-3773
-4101
-4408
-4686
-4929
-5132
-5297
-5428
-5531
-5616
-5693
-5774
-5868
-5983
-6124
-6292
-6485
-6697
-6921
-7145
-7358
-7550
-7711
-7834
-7916
-7955
-7956
-7925
-7872
-7806
-7739
-7682
-7642
-7625
-7634
-7668
-7721
-7785
-7852
-7909
-7946
-7954
-7924
-7853
-7741
-7588
-7403
-7194
-6971
-6746
-6529
-6329
-6154
-6005
-5883
-5784
-5700
-5622
-5540
-5443
-5320
-5164
-4970
-4737
-4468
-4167
-3844
-3508
-3172
-2846
-2540
-2260
-2012
-1795
-1605
-1438
-1283
-1131
-970
-790
-584
-345
-73
231
564
916
1277
1636
1982
2304
2596
2852
3071
3255
3412
3548
3675
3803
3943
4103
4289
4504
4747
5014
5298
5588
5873
6143
6387
6597
6767
6896
6986
7043
7073
7088
7099
7115
7147
7200
7279
7384
7511
7653
7802
7945
8073
8175
8242
8268
8252
8195
8101
7979
7837
7689
7543
7411
7299
7212
7151
7114
7094
7082
7069
7043
6994
6913
6794
6634
6433
6197
5933
5650
5360
5073
4800
4550
4327
4133
3966
3821
3691
3565
3431
3281
3104
2894
2648
2365
2050
1710
1353
991
636
297
-15
-297
-544
-759
-944
-1109
-1263
-1416
-1579
-1761
-1971
-2210
-2482
-2781
-3103
-3437
-3773
-4101
-4408
-4686
-4929
-5132
-5297
-5428
-5531
-5616
-5693
-5774
-5868
-5983
-6124
-6292
-6485
-6697
-6921
-7145
-7358
-7550
-7711
-7834
-7916
-7955
-7956
-7925
-7872
-7806
-7739
-7682
-7642
-7625
-7634
-7668
-7721
-7785
-7852
-7909
-7946
-7954
-7924
-7853
-7741
-7588
-7403
-7194
-6971
-6746
-6529
-6329
-6154
-6005
-5883
-5784
-5700
-5622
-5540
-5443
-5320
-5164
-4970
-4737
-4468
-4167
-3844
-3508
-3172
-2846
-2540
-2260
-2012
-1795
-1605
-1438
-1283
-1131
-970
-790
-584
-345
-73
231
564
916
1277
1636
1982
2304
2596
2852
3071
3255
3412
3548
3675
3803
