0.000000
0.000091
0.000526
0.001595
0.003491
0.006301
0.009997
0.014445
0.019422
0.024642
0.029791
0.034562
0.038690
0.041981
0.044338
0.045771
0.046394
0.046422
0.046140
0.045882
0.045990
0.046780
0.048511
0.051355
0.055381
0.060543
0.066690
0.073581
0.080905
0.088320
0.095485
0.102094
0.107914
0.112800
0.116718
0.119742
0.122047
0.123889
0.125579
0.127443
0.129794
0.132893
0.136918
0.141951
0.147961
0.154811
0.162267
0.170028
0.177749
0.185082
0.191713
0.197386
0.201940
0.205317
0.207571
0.208859
0.209425
0.209574
0.209637
0.209935
0.210745
0.212270
0.214617
0.217783
0.221657
0.226030
0.230616
0.235085
0.239093
0.242322
0.244511
0.245485
0.245171
0.243609
0.240943
0.237412
0.233317
0.228993
0.224776
0.220961
0.217776
0.215355
0.213726
0.212806
0.212412
0.212279
0.212090
0.211509
0.210215
0.207943
0.204503
0.199811
0.193887
0.186866
0.178972
0.170504
0.161800
0.153204
0.145027
0.137519
0.130839
0.125043
0.120075
0.115776
0.111899
0.108141
0.104169
0.099663
0.094347
0.088019
0.080575
0.072018
0.062465
0.052126
0.041291
0.030295
0.019487
0.009189
-0.000331
-0.008893
-0.016418
-0.022937
-0.028590
-0.033604
-0.038275
-0.042931
-0.047895
-0.053457
-0.059833
-0.067150
-0.075423
-0.084562
-0.094372
-0.104577
-0.114851
-0.124844
-0.134228
-0.142723
-0.150130
-0.156351
-0.161397
-0.165389
-0.168540
-0.171138
-0.173508
-0.175981
-0.178857
-0.182375
-0.186681
-0.191819
-0.197721
-0.204215
-0.211044
-0.217892
-0.224416
-0.230283
-0.235206
-0.238972
-0.241465
-0.242680
-0.242719
-0.241784
-0.240154
-0.238155
-0.236124
-0.234376
-0.233167
-0.232670
-0.232954
-0.233979
-0.235599
-0.237575
-0.239607
-0.241359
-0.242499
-0.242733
-0.241836
-0.239678
-0.236234
-0.231593
-0.225943
-0.219555
-0.212753
-0.205881
-0.199264
-0.193180
-0.187824
-0.183292
-0.179572
-0.176541
-0.173984
-0.171614
-0.169105
-0.166126
-0.162376
-0.157620
-0.151711
-0.144608
-0.136380
-0.127202
-0.117333
-0.107094
-0.096830
-0.086878
-0.077531
-0.069006
-0.061423
-0.054795
-0.049022
-0.043911
-0.039188
-0.034535
-0.029622
-0.024141
-0.017843
-0.010565
-0.002244
0.007070
0.017221
0.027963
0.038986
0.049944
0.060495
0.070335
0.079230
0.087036
0.093722
0.099363
0.104137
0.108304
0.112176
0.116085
0.120346
0.125224
0.130904
0.137469
0.144895
0.153047
0.161698
0.170550
0.179264
0.187497
0.194936
0.201335
0.206533
0.210479
0.213230
0.214948
0.215881
0.216339
0.216655
0.217155
0.218120
0.219757
0.222174
0.225373
0.229246
0.233587
0.238114
0.242497
0.246398
0.249498
0.251541
0.252352
0.251863
0.250113
0.247250
0.243512
0.239204
0.234662
0.230223
0.226183
0.222772
0.220124
0.218269
0.217124
0.216507
0.216155
0.215750
0.214956
0.213456
0.210981
0.207345
0.202461
0.196352
0.189152
0.181086
0.172452
0.163589
0.154841
0.146518
0.138871
0.132060
0.126138
0.121052
0.116640
0.112657
0.108799
0.104734
0.100141
0.094743
0.088338
0.080823
0.072202
0.062588
0.052193
0.041307
0.030265
0.019414
0.009078
-0.000477
-0.009069
-0.016621
-0.023165
-0.028838
-0.033871
-0.038558
-0.043226
-0.048201
-0.053771
-0.060154
-0.067475
-0.075751
-0.084891
-0.094700
-0.104905
-0.115175
-0.125165
-0.134544
-0.143033
-0.150433
-0.156647
-0.161685
-0.165669
-0.168812
-0.171400
-0.173761
-0.176224
-0.179091
-0.182599
-0.186895
-0.192023
-0.197915
-0.204399
-0.211219
-0.218058
-0.224572
-0.230430
-0.235344
-0.239101
-0.241586
-0.242792
-0.242823
-0.241881
-0.240244
-0.238238
-0.236200
-0.234445
-0.233230
-0.232727
-0.233006
-0.234025
-0.235640
-0.237611
-0.239639
-0.241387
-0.242523
-0.242753
-0.241852
-0.239690
-0.236244
-0.231600
-0.225948
-0.219558
-0.212753
-0.205879
-0.199260
-0.193175
-0.187817
-0.183285
-0.179563
-0.176531
-0.173973
-0.171603
-0.169093
-0.166113
-0.162363
-0.157607
-0.151698
-0.144594
-0.136366
-0.127188
-0.117319
-0.107080
-0.096816
-0.086865
-0.077518
-0.068993
-0.061411
-0.054782
-0.049010
-0.043899
-0.039177
-0.034524
-0.029611
-0.024131
-0.017834
-0.010556
-0.002235
0.007078
0.017229
0.027971
0.038993
0.049951
0.060502
0.070341
0.079235
0.087042
0.093727
0.099368
0.104142
0.108308
0.112179
0.116088
0.120349
0.125227
0.130906
0.137471
0.144897
0.153049
0.161700
0.170551
0.179265
0.187498
0.194937
0.201335
0.206534
0.210479
0.213230
0.214948
0.215881
0.216339
0.216655
0.217155
0.218120
0.219756
0.222173
0.225373
0.229246
0.233587
0.238113
0.242497
0.246397
0.249497
0.251540
0.252351
0.251862
0.250111
0.247248
0.243511
0.239203
0.234661
0.230222
0.226182
0.222770
0.220123
0.218267
0.217123
0.216506
0.216154
0.215749
0.214955
0.213455
0.210980
0.207344
0.202460
0.196351
0.189151
0.181085
0.172452
0.163589
0.154840
0.146517
0.138871
0.132059
0.126138
0.121051
0.116640
0.112657
0.108799
0.104734
0.100141
0.094743
0.088338
0.080823
0.072202
0.062588
0.052193
0.041307
0.030265
0.019414
0.009078
-0.000476
-0.009069
-0.016621
-0.023164
-0.028838
-0.033871
-0.038557
-0.043226
-0.048201
-0.053771
-0.060153
-0.067474
-0.075751
-0.084891
-0.094700
-0.104904
-0.115175
-0.125165
-0.134544
-0.143033
-0.150433
-0.156647
-0.161686
-0.165669
-0.168812
-0.171401
-0.173761
-0.176225
-0.179092
-0.182599
-0.186896
-0.192024
-0.197915
-0.204400
-0.211220
-0.218058
-0.224573
-0.230431
-0.235345
-0.239102
-0.241587
-0.242793
-0.242824
-0.241881
-0.240244
-0.238238
-0.236200
-0.234445
-0.233230
-0.232727
-0.233006
-0.234025
-0.235640
-0.237611
-0.239639
-0.241387
-0.242523
-0.242753
-0.241852
-0.239690
-0.236244
-0.231600
-0.225948
-0.219557
-0.212753
-0.205879
-0.199260
-0.193174
-0.187817
-0.183284
-0.179563
-0.176531
-0.173973
-0.171602
-0.169093
-0.166113
-0.162363
-0.157607
-0.151697
-0.144594
-0.136366
-0.127188
-0.117319
-0.107080
-0.096816
-0.086865
-0.077518
-0.068993
-0.061411
-0.054782
-0.049010
-0.043899
-0.039177
-0.034525
-0.029611
-0.024131
-0.017834
-0.010556
-0.002236
0.007078
0.017229
0.027971
0.038993
0.049951
0.060501
0.070341
0.079235
0.087042
0.093727
0.099368
0.104141
0.108308
0.112179
0.116088
0.120349
0.125227
0.130906
0.137471
0.144896
0.153049
0.161700
0.170551
0.179265
0.187497
0.194937
0.201335
0.206534
0.210479
0.213230
0.214948
0.215881
0.216339
0.216655
0.217155
0.218120
0.219756
0.222173
0.225373
0.229246
0.233587
0.238113
0.242497
0.246397
0.249497
0.251540
0.252351
0.251862
0.250112
0.247249
0.243511
0.239203
0.234661
0.230222
0.226182
0.222771
0.220123
0.218268
0.217123
0.216506
0.216154
0.215749
0.214955
0.213455
0.210980
0.207344
0.202460
0.196352
0.189151
0.181085
0.172452
0.163589
0.154840
0.146518
0.138871
0.132059
0.126138
0.121052
0.116640
0.112657
0.108799
0.104734
0.100141
0.094743
0.088339
0.080823
0.072202
0.062588
0.052193
0.041307
0.030265
0.019414
0.009078
-0.000476
-0.009069
-0.016621
-0.023164
-0.028838
-0.033871
-0.038557
-0.043226
-0.048201
-0.053771
-0.060153
-0.067474
-0.075751
-0.084891
-0.094700
-0.104904
-0.115175
-0.125165
-0.134544
-0.143033
-0.150433
-0.156647
-0.161686
-0.165669
-0.168812
-0.171401
-0.173761
-0.176225
-0.179092
-0.182599
-0.186896
-0.192024
-0.197915
-0.204400
-0.211220
-0.218058
-0.224573
-0.230431
-0.235345
-0.239102
-0.241587
-0.242793
-0.242824
-0.241881
-0.240244
-0.238238
-0.236200
-0.234445
-0.233230
-0.232727
-0.233006
-0.234025
-0.235640
-0.237611
-0.239639
-0.241387
-0.242523
-0.242753
-0.241852
-0.239690
-0.236244
-0.231600
-0.225948
-0.219557
-0.212753
-0.205879
-0.199260
-0.193174
-0.187817
-0.183284
-0.179563
-0.176531
-0.173973
-0.171602
-0.169093
-0.166113
-0.162363
-0.157607
-0.151697
-0.144594
-0.136366
-0.127188
-0.117319
-0.107080
-0.096816
-0.086865
-0.077518
-0.068993
-0.061411
-0.054782
-0.049010
-0.043899
-0.039177
-0.034525
-0.029611
-0.024131
-0.017834
-0.010556
-0.002236
0.007078
0.017229
0.027971
0.038993
0.049951
0.060501
0.070341
0.079235
0.087042
0.093727
0.099368
0.104141
0.108308
0.112179
0.116088
0.120349
0.125227
0.130906
0.137471
0.144896
0.153049
0.161700
0.170551
0.179265
0.187497
0.194937
0.201335
0.206534
0.210479
0.213230
0.214948
0.215881
0.216339
0.216655
0.217155
0.218120
0.219756
0.222173
0.225373
0.229246
0.233587
0.238113
0.242497
0.246397
0.249497
0.251540
0.252351
0.251862
0.250112
0.247249
0.243511
0.239203
0.234661
0.230222
0.226182
0.222771
0.220123
0.218268
0.217123
0.216506
0.216154
0.215749
0.214955
0.213455
0.210980
0.207344
0.202460
0.196352
0.189151
0.181085
0.172452
0.163589
0.154840
0.146518
0.138871
0.132059
0.126138
0.121052
0.116640
0.112657
0.108799
0.104734
0.100141
0.094743
0.088339
0.080823
0.072202
0.062588
0.052193
0.041307
0.030265
0.019414
0.009078
-0.000476
-0.009069
-0.016621
-0.023164
-0.028838
-0.033871
-0.038557
-0.043226
-0.048201
-0.053771
-0.060153
-0.067474
-0.075751
-0.084891
-0.094700
-0.104904
-0.115175
-0.125165
-0.134544
-0.143033
-0.150433
-0.156647
-0.161686
-0.165669
-0.168812
-0.171401
-0.173761
-0.176225
-0.179092
-0.182599
-0.186896
-0.192024
-0.197915
-0.204400
-0.211220
-0.218058
-0.224573
-0.230431
-0.235345
-0.239102
-0.241587
-0.242793
-0.242824
-0.241881
-0.240244
-0.238238
-0.236200
-0.234445
-0.233230
-0.232727
-0.233006
-0.234025
-0.235640
-0.237611
-0.239639
-0.241387
-0.242523
-0.242753
-0.241852
-0.239690
-0.236244
-0.231600
-0.225948
-0.219557
-0.212753
-0.205879
-0.199260
-0.193174
-0.187817
-0.183284
-0.179563
-0.176531
-0.173973
-0.171602
-0.169093
-0.166113
-0.162363
-0.157607
-0.151697
-0.144594
-0.136366
-0.127188
-0.117319
-0.107080
-0.096816
-0.086865
-0.077518
-0.068993
-0.061411
-0.054782
-0.049010
-0.043899
-0.039177
-0.034525
-0.029611
-0.024131
-0.017834
-0.010556
-0.002236
0.007078
0.017229
0.027971
0.038993
0.049951
0.060501
0.070341
0.079235
0.087042
0.093727
0.099368
0.104141
0.108308
0.112179
0.116088
